(kicad_pcb (version 20171130) (host pcbnew "(5.0.2)-1")

  (general
    (thickness 1.6)
    (drawings 5)
    (tracks 229)
    (zones 0)
    (modules 114)
    (nets 163)
  )

  (page A4)
  (title_block
    (date "lun. 30 mars 2015")
  )

  (layers
    (0 F.Cu signal)
    (31 B.Cu signal)
    (32 B.Adhes user hide)
    (33 F.Adhes user hide)
    (34 B.Paste user hide)
    (35 F.Paste user hide)
    (36 B.SilkS user)
    (37 F.SilkS user)
    (38 B.Mask user)
    (39 F.Mask user)
    (40 Dwgs.User user hide)
    (41 Cmts.User user)
    (42 Eco1.User user)
    (43 Eco2.User user)
    (44 Edge.Cuts user)
    (45 Margin user)
    (46 B.CrtYd user hide)
    (47 F.CrtYd user hide)
    (48 B.Fab user hide)
    (49 F.Fab user hide)
  )

  (setup
    (last_trace_width 0.25)
    (trace_clearance 0.3)
    (zone_clearance 0.254)
    (zone_45_only no)
    (trace_min 0.2)
    (segment_width 0.15)
    (edge_width 0.15)
    (via_size 0.6)
    (via_drill 0.4)
    (via_min_size 0.4)
    (via_min_drill 0.3)
    (uvia_size 0.3)
    (uvia_drill 0.1)
    (uvias_allowed no)
    (uvia_min_size 0.2)
    (uvia_min_drill 0.1)
    (pcb_text_width 0.3)
    (pcb_text_size 1.5 1.5)
    (mod_edge_width 0.15)
    (mod_text_size 1 1)
    (mod_text_width 0.15)
    (pad_size 4.064 4.064)
    (pad_drill 3.048)
    (pad_to_mask_clearance 0)
    (solder_mask_min_width 0.25)
    (aux_axis_origin 110.998 126.365)
    (grid_origin 110.998 126.365)
    (visible_elements 7FFFFFFF)
    (pcbplotparams
      (layerselection 0x00030_80000001)
      (usegerberextensions false)
      (usegerberattributes false)
      (usegerberadvancedattributes false)
      (creategerberjobfile false)
      (excludeedgelayer true)
      (linewidth 0.100000)
      (plotframeref false)
      (viasonmask false)
      (mode 1)
      (useauxorigin false)
      (hpglpennumber 1)
      (hpglpenspeed 20)
      (hpglpendiameter 15.000000)
      (psnegative false)
      (psa4output false)
      (plotreference true)
      (plotvalue true)
      (plotinvisibletext false)
      (padsonsilk false)
      (subtractmaskfromsilk false)
      (outputformat 1)
      (mirror false)
      (drillshape 1)
      (scaleselection 1)
      (outputdirectory ""))
  )

  (net 0 "")
  (net 1 /IOREF)
  (net 2 /Reset)
  (net 3 +5V)
  (net 4 GND)
  (net 5 /Vin)
  (net 6 "Net-(P1-Pad1)")
  (net 7 +3V3)
  (net 8 "Net-(tx-13-Pad5)")
  (net 9 "Net-(tx-13-Pad4)")
  (net 10 "Net-(bjt-13-Pad2)")
  (net 11 "Net-(R-tx-13-Pad1)")
  (net 12 "Net-(R-tx-0-Pad1)")
  (net 13 "Net-(bjt-0-Pad2)")
  (net 14 "Net-(tx-0-Pad4)")
  (net 15 "Net-(tx-0-Pad5)")
  (net 16 "Net-(tx-1-Pad5)")
  (net 17 "Net-(tx-1-Pad4)")
  (net 18 "Net-(bjt-1-Pad2)")
  (net 19 "Net-(R-tx-1-Pad1)")
  (net 20 "Net-(R-tx-2-Pad1)")
  (net 21 "Net-(bjt-2-Pad2)")
  (net 22 "Net-(tx-2-Pad4)")
  (net 23 "Net-(tx-2-Pad5)")
  (net 24 "Net-(tx-3-Pad5)")
  (net 25 "Net-(tx-3-Pad4)")
  (net 26 "Net-(bjt-3-Pad2)")
  (net 27 "Net-(R-tx-3-Pad1)")
  (net 28 "Net-(R-tx-4-Pad1)")
  (net 29 "Net-(bjt-4-Pad2)")
  (net 30 "Net-(tx-4-Pad4)")
  (net 31 "Net-(tx-4-Pad5)")
  (net 32 "Net-(tx-5-Pad5)")
  (net 33 "Net-(tx-5-Pad4)")
  (net 34 "Net-(bjt-5-Pad2)")
  (net 35 "Net-(R-tx-5-Pad1)")
  (net 36 "Net-(R-tx-6-Pad1)")
  (net 37 "Net-(bjt-6-Pad2)")
  (net 38 "Net-(tx-6-Pad4)")
  (net 39 "Net-(tx-6-Pad5)")
  (net 40 "Net-(tx-7-Pad5)")
  (net 41 "Net-(tx-7-Pad4)")
  (net 42 "Net-(bjt-7-Pad2)")
  (net 43 "Net-(R-tx-7-Pad1)")
  (net 44 "Net-(R-tx-8-Pad1)")
  (net 45 "Net-(bjt-8-Pad2)")
  (net 46 "Net-(tx-8-Pad4)")
  (net 47 "Net-(tx-8-Pad5)")
  (net 48 "Net-(tx-9-Pad5)")
  (net 49 "Net-(tx-9-Pad4)")
  (net 50 "Net-(bjt-9-Pad2)")
  (net 51 "Net-(R-tx-9-Pad1)")
  (net 52 "Net-(R-tx-10-Pad1)")
  (net 53 "Net-(bjt-10-Pad2)")
  (net 54 "Net-(tx-10-Pad4)")
  (net 55 "Net-(tx-10-Pad5)")
  (net 56 "Net-(tx-11-Pad5)")
  (net 57 "Net-(tx-11-Pad4)")
  (net 58 "Net-(bjt-11-Pad2)")
  (net 59 "Net-(R-tx-11-Pad1)")
  (net 60 "Net-(R-tx-12-Pad1)")
  (net 61 "Net-(bjt-12-Pad2)")
  (net 62 "Net-(tx-12-Pad4)")
  (net 63 "Net-(tx-12-Pad5)")
  (net 64 sig-13)
  (net 65 sig-12)
  (net 66 sig-11)
  (net 67 sig-10)
  (net 68 sig-9)
  (net 69 sig-8)
  (net 70 sig-7)
  (net 71 sig-6)
  (net 72 sig-5)
  (net 73 sig-4)
  (net 74 sig-3)
  (net 75 sig-2)
  (net 76 sig-1)
  (net 77 sig-0)
  (net 78 "Net-(R-base-8-Pad1)")
  (net 79 "Net-(R-base-3-Pad1)")
  (net 80 "Net-(R-base-9-Pad1)")
  (net 81 "Net-(R-base-10-Pad1)")
  (net 82 "Net-(R-base-13-Pad1)")
  (net 83 "Net-(R-base-12-Pad1)")
  (net 84 "Net-(R-base-11-Pad1)")
  (net 85 "Net-(R-base-7-Pad1)")
  (net 86 "Net-(R-base-0-Pad1)")
  (net 87 "Net-(R-base-1-Pad1)")
  (net 88 "Net-(R-base-2-Pad1)")
  (net 89 "Net-(R-base-4-Pad1)")
  (net 90 "Net-(R-base-5-Pad1)")
  (net 91 "Net-(R-base-6-Pad1)")
  (net 92 "Net-(P3-Pad3)")
  (net 93 "Net-(tx-1-Pad3)")
  (net 94 "Net-(tx-2-Pad3)")
  (net 95 "Net-(tx-3-Pad3)")
  (net 96 "Net-(tx-4-Pad3)")
  (net 97 "Net-(tx-5-Pad3)")
  (net 98 "Net-(tx-6-Pad3)")
  (net 99 "Net-(tx-8-Pad3)")
  (net 100 "Net-(tx-9-Pad3)")
  (net 101 "Net-(tx-10-Pad3)")
  (net 102 "Net-(tx-11-Pad3)")
  (net 103 "Net-(tx-12-Pad3)")
  (net 104 "Net-(tx-7-Pad3)")
  (net 105 "Net-(tx-13-Pad3)")
  (net 106 "Net-(tx-0-Pad3)")
  (net 107 "Net-(tx-20-Pad5)")
  (net 108 "Net-(tx-20-Pad4)")
  (net 109 "Net-(tx-20-Pad3)")
  (net 110 "Net-(bjt-20-Pad2)")
  (net 111 "Net-(R-tx-20-Pad1)")
  (net 112 "Net-(R-tx-19-Pad1)")
  (net 113 "Net-(bjt-19-Pad2)")
  (net 114 "Net-(tx-19-Pad3)")
  (net 115 "Net-(tx-19-Pad4)")
  (net 116 "Net-(tx-19-Pad5)")
  (net 117 "Net-(tx-18-Pad5)")
  (net 118 "Net-(tx-18-Pad4)")
  (net 119 "Net-(tx-18-Pad3)")
  (net 120 "Net-(bjt-18-Pad2)")
  (net 121 "Net-(R-tx-18-Pad1)")
  (net 122 "Net-(R-tx-17-Pad1)")
  (net 123 "Net-(bjt-17-Pad2)")
  (net 124 "Net-(tx-17-Pad3)")
  (net 125 "Net-(tx-17-Pad4)")
  (net 126 "Net-(tx-17-Pad5)")
  (net 127 "Net-(tx-16-Pad5)")
  (net 128 "Net-(tx-16-Pad4)")
  (net 129 "Net-(tx-16-Pad3)")
  (net 130 "Net-(bjt-16-Pad2)")
  (net 131 "Net-(R-tx-16-Pad1)")
  (net 132 "Net-(R-tx-15-Pad1)")
  (net 133 "Net-(bjt-15-Pad2)")
  (net 134 "Net-(tx-15-Pad3)")
  (net 135 "Net-(tx-15-Pad4)")
  (net 136 "Net-(tx-15-Pad5)")
  (net 137 "Net-(tx-14-Pad5)")
  (net 138 "Net-(tx-14-Pad4)")
  (net 139 "Net-(tx-14-Pad3)")
  (net 140 "Net-(bjt-14-Pad2)")
  (net 141 "Net-(R-tx-14-Pad1)")
  (net 142 "Net-(R-tx-21-Pad1)")
  (net 143 "Net-(bjt-21-Pad2)")
  (net 144 "Net-(tx-21-Pad3)")
  (net 145 "Net-(tx-21-Pad4)")
  (net 146 "Net-(tx-21-Pad5)")
  (net 147 sig-21-scl)
  (net 148 sig-20-sda)
  (net 149 sig-14)
  (net 150 sig-15)
  (net 151 sig-16)
  (net 152 sig-17)
  (net 153 sig-18)
  (net 154 sig-19)
  (net 155 "Net-(R-base-20-Pad1)")
  (net 156 "Net-(R-base-17-Pad1)")
  (net 157 "Net-(R-base-21-Pad1)")
  (net 158 "Net-(R-base-19-Pad1)")
  (net 159 "Net-(R-base-18-Pad1)")
  (net 160 "Net-(R-base-16-Pad1)")
  (net 161 "Net-(R-base-14-Pad1)")
  (net 162 "Net-(R-base-15-Pad1)")

  (net_class Default "This is the default net class."
    (clearance 0.3)
    (trace_width 0.25)
    (via_dia 0.6)
    (via_drill 0.4)
    (uvia_dia 0.3)
    (uvia_drill 0.1)
    (add_net +3V3)
    (add_net +5V)
    (add_net /IOREF)
    (add_net /Reset)
    (add_net /Vin)
    (add_net GND)
    (add_net "Net-(P1-Pad1)")
    (add_net "Net-(P3-Pad3)")
    (add_net "Net-(R-base-0-Pad1)")
    (add_net "Net-(R-base-1-Pad1)")
    (add_net "Net-(R-base-10-Pad1)")
    (add_net "Net-(R-base-11-Pad1)")
    (add_net "Net-(R-base-12-Pad1)")
    (add_net "Net-(R-base-13-Pad1)")
    (add_net "Net-(R-base-14-Pad1)")
    (add_net "Net-(R-base-15-Pad1)")
    (add_net "Net-(R-base-16-Pad1)")
    (add_net "Net-(R-base-17-Pad1)")
    (add_net "Net-(R-base-18-Pad1)")
    (add_net "Net-(R-base-19-Pad1)")
    (add_net "Net-(R-base-2-Pad1)")
    (add_net "Net-(R-base-20-Pad1)")
    (add_net "Net-(R-base-21-Pad1)")
    (add_net "Net-(R-base-3-Pad1)")
    (add_net "Net-(R-base-4-Pad1)")
    (add_net "Net-(R-base-5-Pad1)")
    (add_net "Net-(R-base-6-Pad1)")
    (add_net "Net-(R-base-7-Pad1)")
    (add_net "Net-(R-base-8-Pad1)")
    (add_net "Net-(R-base-9-Pad1)")
    (add_net "Net-(R-tx-0-Pad1)")
    (add_net "Net-(R-tx-1-Pad1)")
    (add_net "Net-(R-tx-10-Pad1)")
    (add_net "Net-(R-tx-11-Pad1)")
    (add_net "Net-(R-tx-12-Pad1)")
    (add_net "Net-(R-tx-13-Pad1)")
    (add_net "Net-(R-tx-14-Pad1)")
    (add_net "Net-(R-tx-15-Pad1)")
    (add_net "Net-(R-tx-16-Pad1)")
    (add_net "Net-(R-tx-17-Pad1)")
    (add_net "Net-(R-tx-18-Pad1)")
    (add_net "Net-(R-tx-19-Pad1)")
    (add_net "Net-(R-tx-2-Pad1)")
    (add_net "Net-(R-tx-20-Pad1)")
    (add_net "Net-(R-tx-21-Pad1)")
    (add_net "Net-(R-tx-3-Pad1)")
    (add_net "Net-(R-tx-4-Pad1)")
    (add_net "Net-(R-tx-5-Pad1)")
    (add_net "Net-(R-tx-6-Pad1)")
    (add_net "Net-(R-tx-7-Pad1)")
    (add_net "Net-(R-tx-8-Pad1)")
    (add_net "Net-(R-tx-9-Pad1)")
    (add_net "Net-(bjt-0-Pad2)")
    (add_net "Net-(bjt-1-Pad2)")
    (add_net "Net-(bjt-10-Pad2)")
    (add_net "Net-(bjt-11-Pad2)")
    (add_net "Net-(bjt-12-Pad2)")
    (add_net "Net-(bjt-13-Pad2)")
    (add_net "Net-(bjt-14-Pad2)")
    (add_net "Net-(bjt-15-Pad2)")
    (add_net "Net-(bjt-16-Pad2)")
    (add_net "Net-(bjt-17-Pad2)")
    (add_net "Net-(bjt-18-Pad2)")
    (add_net "Net-(bjt-19-Pad2)")
    (add_net "Net-(bjt-2-Pad2)")
    (add_net "Net-(bjt-20-Pad2)")
    (add_net "Net-(bjt-21-Pad2)")
    (add_net "Net-(bjt-3-Pad2)")
    (add_net "Net-(bjt-4-Pad2)")
    (add_net "Net-(bjt-5-Pad2)")
    (add_net "Net-(bjt-6-Pad2)")
    (add_net "Net-(bjt-7-Pad2)")
    (add_net "Net-(bjt-8-Pad2)")
    (add_net "Net-(bjt-9-Pad2)")
    (add_net "Net-(tx-0-Pad3)")
    (add_net "Net-(tx-0-Pad4)")
    (add_net "Net-(tx-0-Pad5)")
    (add_net "Net-(tx-1-Pad3)")
    (add_net "Net-(tx-1-Pad4)")
    (add_net "Net-(tx-1-Pad5)")
    (add_net "Net-(tx-10-Pad3)")
    (add_net "Net-(tx-10-Pad4)")
    (add_net "Net-(tx-10-Pad5)")
    (add_net "Net-(tx-11-Pad3)")
    (add_net "Net-(tx-11-Pad4)")
    (add_net "Net-(tx-11-Pad5)")
    (add_net "Net-(tx-12-Pad3)")
    (add_net "Net-(tx-12-Pad4)")
    (add_net "Net-(tx-12-Pad5)")
    (add_net "Net-(tx-13-Pad3)")
    (add_net "Net-(tx-13-Pad4)")
    (add_net "Net-(tx-13-Pad5)")
    (add_net "Net-(tx-14-Pad3)")
    (add_net "Net-(tx-14-Pad4)")
    (add_net "Net-(tx-14-Pad5)")
    (add_net "Net-(tx-15-Pad3)")
    (add_net "Net-(tx-15-Pad4)")
    (add_net "Net-(tx-15-Pad5)")
    (add_net "Net-(tx-16-Pad3)")
    (add_net "Net-(tx-16-Pad4)")
    (add_net "Net-(tx-16-Pad5)")
    (add_net "Net-(tx-17-Pad3)")
    (add_net "Net-(tx-17-Pad4)")
    (add_net "Net-(tx-17-Pad5)")
    (add_net "Net-(tx-18-Pad3)")
    (add_net "Net-(tx-18-Pad4)")
    (add_net "Net-(tx-18-Pad5)")
    (add_net "Net-(tx-19-Pad3)")
    (add_net "Net-(tx-19-Pad4)")
    (add_net "Net-(tx-19-Pad5)")
    (add_net "Net-(tx-2-Pad3)")
    (add_net "Net-(tx-2-Pad4)")
    (add_net "Net-(tx-2-Pad5)")
    (add_net "Net-(tx-20-Pad3)")
    (add_net "Net-(tx-20-Pad4)")
    (add_net "Net-(tx-20-Pad5)")
    (add_net "Net-(tx-21-Pad3)")
    (add_net "Net-(tx-21-Pad4)")
    (add_net "Net-(tx-21-Pad5)")
    (add_net "Net-(tx-3-Pad3)")
    (add_net "Net-(tx-3-Pad4)")
    (add_net "Net-(tx-3-Pad5)")
    (add_net "Net-(tx-4-Pad3)")
    (add_net "Net-(tx-4-Pad4)")
    (add_net "Net-(tx-4-Pad5)")
    (add_net "Net-(tx-5-Pad3)")
    (add_net "Net-(tx-5-Pad4)")
    (add_net "Net-(tx-5-Pad5)")
    (add_net "Net-(tx-6-Pad3)")
    (add_net "Net-(tx-6-Pad4)")
    (add_net "Net-(tx-6-Pad5)")
    (add_net "Net-(tx-7-Pad3)")
    (add_net "Net-(tx-7-Pad4)")
    (add_net "Net-(tx-7-Pad5)")
    (add_net "Net-(tx-8-Pad3)")
    (add_net "Net-(tx-8-Pad4)")
    (add_net "Net-(tx-8-Pad5)")
    (add_net "Net-(tx-9-Pad3)")
    (add_net "Net-(tx-9-Pad4)")
    (add_net "Net-(tx-9-Pad5)")
    (add_net sig-0)
    (add_net sig-1)
    (add_net sig-10)
    (add_net sig-11)
    (add_net sig-12)
    (add_net sig-13)
    (add_net sig-14)
    (add_net sig-15)
    (add_net sig-16)
    (add_net sig-17)
    (add_net sig-18)
    (add_net sig-19)
    (add_net sig-2)
    (add_net sig-20-sda)
    (add_net sig-21-scl)
    (add_net sig-3)
    (add_net sig-4)
    (add_net sig-5)
    (add_net sig-6)
    (add_net sig-7)
    (add_net sig-8)
    (add_net sig-9)
  )

  (module Capacitor_SMD:C_1206_3216Metric_Pad1.42x1.75mm_HandSolder (layer F.Cu) (tedit 5B301BBE) (tstamp 5C93E4D3)
    (at 230.633001 107.190001)
    (descr "Capacitor SMD 1206 (3216 Metric), square (rectangular) end terminal, IPC_7351 nominal with elongated pad for handsoldering. (Body size source: http://www.tortai-tech.com/upload/download/2011102023233369053.pdf), generated with kicad-footprint-generator")
    (tags "capacitor handsolder")
    (path /5C837CEE/5C7B1FCF)
    (attr smd)
    (fp_text reference C-14 (at 0 -1.82) (layer F.SilkS)
      (effects (font (size 1 1) (thickness 0.15)))
    )
    (fp_text value C (at 0 1.82) (layer F.Fab)
      (effects (font (size 1 1) (thickness 0.15)))
    )
    (fp_text user %R (at 0 0) (layer F.Fab)
      (effects (font (size 0.8 0.8) (thickness 0.12)))
    )
    (fp_line (start 2.45 1.12) (end -2.45 1.12) (layer F.CrtYd) (width 0.05))
    (fp_line (start 2.45 -1.12) (end 2.45 1.12) (layer F.CrtYd) (width 0.05))
    (fp_line (start -2.45 -1.12) (end 2.45 -1.12) (layer F.CrtYd) (width 0.05))
    (fp_line (start -2.45 1.12) (end -2.45 -1.12) (layer F.CrtYd) (width 0.05))
    (fp_line (start -0.602064 0.91) (end 0.602064 0.91) (layer F.SilkS) (width 0.12))
    (fp_line (start -0.602064 -0.91) (end 0.602064 -0.91) (layer F.SilkS) (width 0.12))
    (fp_line (start 1.6 0.8) (end -1.6 0.8) (layer F.Fab) (width 0.1))
    (fp_line (start 1.6 -0.8) (end 1.6 0.8) (layer F.Fab) (width 0.1))
    (fp_line (start -1.6 -0.8) (end 1.6 -0.8) (layer F.Fab) (width 0.1))
    (fp_line (start -1.6 0.8) (end -1.6 -0.8) (layer F.Fab) (width 0.1))
    (pad 2 smd roundrect (at 1.4875 0) (size 1.425 1.75) (layers F.Cu F.Paste F.Mask) (roundrect_rratio 0.175439)
      (net 4 GND))
    (pad 1 smd roundrect (at -1.4875 0) (size 1.425 1.75) (layers F.Cu F.Paste F.Mask) (roundrect_rratio 0.175439)
      (net 3 +5V))
    (model ${KISYS3DMOD}/Capacitor_SMD.3dshapes/C_1206_3216Metric.wrl
      (at (xyz 0 0 0))
      (scale (xyz 1 1 1))
      (rotate (xyz 0 0 0))
    )
  )

  (module Capacitor_SMD:C_1206_3216Metric_Pad1.42x1.75mm_HandSolder (layer F.Cu) (tedit 5B301BBE) (tstamp 5C93ED9F)
    (at 217.422999 90.099999 180)
    (descr "Capacitor SMD 1206 (3216 Metric), square (rectangular) end terminal, IPC_7351 nominal with elongated pad for handsoldering. (Body size source: http://www.tortai-tech.com/upload/download/2011102023233369053.pdf), generated with kicad-footprint-generator")
    (tags "capacitor handsolder")
    (path /5C837CF1/5C7B1FCF)
    (attr smd)
    (fp_text reference C-15 (at 0 -1.82 180) (layer F.SilkS)
      (effects (font (size 1 1) (thickness 0.15)))
    )
    (fp_text value C (at 0 1.82 180) (layer F.Fab)
      (effects (font (size 1 1) (thickness 0.15)))
    )
    (fp_line (start -1.6 0.8) (end -1.6 -0.8) (layer F.Fab) (width 0.1))
    (fp_line (start -1.6 -0.8) (end 1.6 -0.8) (layer F.Fab) (width 0.1))
    (fp_line (start 1.6 -0.8) (end 1.6 0.8) (layer F.Fab) (width 0.1))
    (fp_line (start 1.6 0.8) (end -1.6 0.8) (layer F.Fab) (width 0.1))
    (fp_line (start -0.602064 -0.91) (end 0.602064 -0.91) (layer F.SilkS) (width 0.12))
    (fp_line (start -0.602064 0.91) (end 0.602064 0.91) (layer F.SilkS) (width 0.12))
    (fp_line (start -2.45 1.12) (end -2.45 -1.12) (layer F.CrtYd) (width 0.05))
    (fp_line (start -2.45 -1.12) (end 2.45 -1.12) (layer F.CrtYd) (width 0.05))
    (fp_line (start 2.45 -1.12) (end 2.45 1.12) (layer F.CrtYd) (width 0.05))
    (fp_line (start 2.45 1.12) (end -2.45 1.12) (layer F.CrtYd) (width 0.05))
    (fp_text user %R (at 0 0 180) (layer F.Fab)
      (effects (font (size 0.8 0.8) (thickness 0.12)))
    )
    (pad 1 smd roundrect (at -1.4875 0 180) (size 1.425 1.75) (layers F.Cu F.Paste F.Mask) (roundrect_rratio 0.175439)
      (net 3 +5V))
    (pad 2 smd roundrect (at 1.4875 0 180) (size 1.425 1.75) (layers F.Cu F.Paste F.Mask) (roundrect_rratio 0.175439)
      (net 4 GND))
    (model ${KISYS3DMOD}/Capacitor_SMD.3dshapes/C_1206_3216Metric.wrl
      (at (xyz 0 0 0))
      (scale (xyz 1 1 1))
      (rotate (xyz 0 0 0))
    )
  )

  (module Capacitor_SMD:C_1206_3216Metric_Pad1.42x1.75mm_HandSolder (layer F.Cu) (tedit 5B301BBE) (tstamp 5C93E4B1)
    (at 265.333001 108.460001)
    (descr "Capacitor SMD 1206 (3216 Metric), square (rectangular) end terminal, IPC_7351 nominal with elongated pad for handsoldering. (Body size source: http://www.tortai-tech.com/upload/download/2011102023233369053.pdf), generated with kicad-footprint-generator")
    (tags "capacitor handsolder")
    (path /5C837CF4/5C7B1FCF)
    (attr smd)
    (fp_text reference C-16 (at 0 -1.82) (layer F.SilkS)
      (effects (font (size 1 1) (thickness 0.15)))
    )
    (fp_text value C (at 0 1.82) (layer F.Fab)
      (effects (font (size 1 1) (thickness 0.15)))
    )
    (fp_text user %R (at 0 0) (layer F.Fab)
      (effects (font (size 0.8 0.8) (thickness 0.12)))
    )
    (fp_line (start 2.45 1.12) (end -2.45 1.12) (layer F.CrtYd) (width 0.05))
    (fp_line (start 2.45 -1.12) (end 2.45 1.12) (layer F.CrtYd) (width 0.05))
    (fp_line (start -2.45 -1.12) (end 2.45 -1.12) (layer F.CrtYd) (width 0.05))
    (fp_line (start -2.45 1.12) (end -2.45 -1.12) (layer F.CrtYd) (width 0.05))
    (fp_line (start -0.602064 0.91) (end 0.602064 0.91) (layer F.SilkS) (width 0.12))
    (fp_line (start -0.602064 -0.91) (end 0.602064 -0.91) (layer F.SilkS) (width 0.12))
    (fp_line (start 1.6 0.8) (end -1.6 0.8) (layer F.Fab) (width 0.1))
    (fp_line (start 1.6 -0.8) (end 1.6 0.8) (layer F.Fab) (width 0.1))
    (fp_line (start -1.6 -0.8) (end 1.6 -0.8) (layer F.Fab) (width 0.1))
    (fp_line (start -1.6 0.8) (end -1.6 -0.8) (layer F.Fab) (width 0.1))
    (pad 2 smd roundrect (at 1.4875 0) (size 1.425 1.75) (layers F.Cu F.Paste F.Mask) (roundrect_rratio 0.175439)
      (net 4 GND))
    (pad 1 smd roundrect (at -1.4875 0) (size 1.425 1.75) (layers F.Cu F.Paste F.Mask) (roundrect_rratio 0.175439)
      (net 3 +5V))
    (model ${KISYS3DMOD}/Capacitor_SMD.3dshapes/C_1206_3216Metric.wrl
      (at (xyz 0 0 0))
      (scale (xyz 1 1 1))
      (rotate (xyz 0 0 0))
    )
  )

  (module Capacitor_SMD:C_1206_3216Metric_Pad1.42x1.75mm_HandSolder (layer F.Cu) (tedit 5B301BBE) (tstamp 5C93E4A0)
    (at 254.252999 89.269999 180)
    (descr "Capacitor SMD 1206 (3216 Metric), square (rectangular) end terminal, IPC_7351 nominal with elongated pad for handsoldering. (Body size source: http://www.tortai-tech.com/upload/download/2011102023233369053.pdf), generated with kicad-footprint-generator")
    (tags "capacitor handsolder")
    (path /5C837CF7/5C7B1FCF)
    (attr smd)
    (fp_text reference C-17 (at 0 -1.82 180) (layer F.SilkS)
      (effects (font (size 1 1) (thickness 0.15)))
    )
    (fp_text value C (at 0 1.82 180) (layer F.Fab)
      (effects (font (size 1 1) (thickness 0.15)))
    )
    (fp_line (start -1.6 0.8) (end -1.6 -0.8) (layer F.Fab) (width 0.1))
    (fp_line (start -1.6 -0.8) (end 1.6 -0.8) (layer F.Fab) (width 0.1))
    (fp_line (start 1.6 -0.8) (end 1.6 0.8) (layer F.Fab) (width 0.1))
    (fp_line (start 1.6 0.8) (end -1.6 0.8) (layer F.Fab) (width 0.1))
    (fp_line (start -0.602064 -0.91) (end 0.602064 -0.91) (layer F.SilkS) (width 0.12))
    (fp_line (start -0.602064 0.91) (end 0.602064 0.91) (layer F.SilkS) (width 0.12))
    (fp_line (start -2.45 1.12) (end -2.45 -1.12) (layer F.CrtYd) (width 0.05))
    (fp_line (start -2.45 -1.12) (end 2.45 -1.12) (layer F.CrtYd) (width 0.05))
    (fp_line (start 2.45 -1.12) (end 2.45 1.12) (layer F.CrtYd) (width 0.05))
    (fp_line (start 2.45 1.12) (end -2.45 1.12) (layer F.CrtYd) (width 0.05))
    (fp_text user %R (at 0 0 180) (layer F.Fab)
      (effects (font (size 0.8 0.8) (thickness 0.12)))
    )
    (pad 1 smd roundrect (at -1.4875 0 180) (size 1.425 1.75) (layers F.Cu F.Paste F.Mask) (roundrect_rratio 0.175439)
      (net 3 +5V))
    (pad 2 smd roundrect (at 1.4875 0 180) (size 1.425 1.75) (layers F.Cu F.Paste F.Mask) (roundrect_rratio 0.175439)
      (net 4 GND))
    (model ${KISYS3DMOD}/Capacitor_SMD.3dshapes/C_1206_3216Metric.wrl
      (at (xyz 0 0 0))
      (scale (xyz 1 1 1))
      (rotate (xyz 0 0 0))
    )
  )

  (module Capacitor_SMD:C_1206_3216Metric_Pad1.42x1.75mm_HandSolder (layer F.Cu) (tedit 5B301BBE) (tstamp 5C93E48F)
    (at 298.162999 86.289999 180)
    (descr "Capacitor SMD 1206 (3216 Metric), square (rectangular) end terminal, IPC_7351 nominal with elongated pad for handsoldering. (Body size source: http://www.tortai-tech.com/upload/download/2011102023233369053.pdf), generated with kicad-footprint-generator")
    (tags "capacitor handsolder")
    (path /5C837CFA/5C7B1FCF)
    (attr smd)
    (fp_text reference C-18 (at 0 -1.82 180) (layer F.SilkS)
      (effects (font (size 1 1) (thickness 0.15)))
    )
    (fp_text value C (at 0 1.82 180) (layer F.Fab)
      (effects (font (size 1 1) (thickness 0.15)))
    )
    (fp_text user %R (at 0 0 180) (layer F.Fab)
      (effects (font (size 0.8 0.8) (thickness 0.12)))
    )
    (fp_line (start 2.45 1.12) (end -2.45 1.12) (layer F.CrtYd) (width 0.05))
    (fp_line (start 2.45 -1.12) (end 2.45 1.12) (layer F.CrtYd) (width 0.05))
    (fp_line (start -2.45 -1.12) (end 2.45 -1.12) (layer F.CrtYd) (width 0.05))
    (fp_line (start -2.45 1.12) (end -2.45 -1.12) (layer F.CrtYd) (width 0.05))
    (fp_line (start -0.602064 0.91) (end 0.602064 0.91) (layer F.SilkS) (width 0.12))
    (fp_line (start -0.602064 -0.91) (end 0.602064 -0.91) (layer F.SilkS) (width 0.12))
    (fp_line (start 1.6 0.8) (end -1.6 0.8) (layer F.Fab) (width 0.1))
    (fp_line (start 1.6 -0.8) (end 1.6 0.8) (layer F.Fab) (width 0.1))
    (fp_line (start -1.6 -0.8) (end 1.6 -0.8) (layer F.Fab) (width 0.1))
    (fp_line (start -1.6 0.8) (end -1.6 -0.8) (layer F.Fab) (width 0.1))
    (pad 2 smd roundrect (at 1.4875 0 180) (size 1.425 1.75) (layers F.Cu F.Paste F.Mask) (roundrect_rratio 0.175439)
      (net 4 GND))
    (pad 1 smd roundrect (at -1.4875 0 180) (size 1.425 1.75) (layers F.Cu F.Paste F.Mask) (roundrect_rratio 0.175439)
      (net 3 +5V))
    (model ${KISYS3DMOD}/Capacitor_SMD.3dshapes/C_1206_3216Metric.wrl
      (at (xyz 0 0 0))
      (scale (xyz 1 1 1))
      (rotate (xyz 0 0 0))
    )
  )

  (module Capacitor_SMD:C_1206_3216Metric_Pad1.42x1.75mm_HandSolder (layer F.Cu) (tedit 5B301BBE) (tstamp 5C93E47E)
    (at 304.103001 111.000001)
    (descr "Capacitor SMD 1206 (3216 Metric), square (rectangular) end terminal, IPC_7351 nominal with elongated pad for handsoldering. (Body size source: http://www.tortai-tech.com/upload/download/2011102023233369053.pdf), generated with kicad-footprint-generator")
    (tags "capacitor handsolder")
    (path /5C837CFD/5C7B1FCF)
    (attr smd)
    (fp_text reference C-19 (at 0 -1.82) (layer F.SilkS)
      (effects (font (size 1 1) (thickness 0.15)))
    )
    (fp_text value C (at 0 1.82) (layer F.Fab)
      (effects (font (size 1 1) (thickness 0.15)))
    )
    (fp_line (start -1.6 0.8) (end -1.6 -0.8) (layer F.Fab) (width 0.1))
    (fp_line (start -1.6 -0.8) (end 1.6 -0.8) (layer F.Fab) (width 0.1))
    (fp_line (start 1.6 -0.8) (end 1.6 0.8) (layer F.Fab) (width 0.1))
    (fp_line (start 1.6 0.8) (end -1.6 0.8) (layer F.Fab) (width 0.1))
    (fp_line (start -0.602064 -0.91) (end 0.602064 -0.91) (layer F.SilkS) (width 0.12))
    (fp_line (start -0.602064 0.91) (end 0.602064 0.91) (layer F.SilkS) (width 0.12))
    (fp_line (start -2.45 1.12) (end -2.45 -1.12) (layer F.CrtYd) (width 0.05))
    (fp_line (start -2.45 -1.12) (end 2.45 -1.12) (layer F.CrtYd) (width 0.05))
    (fp_line (start 2.45 -1.12) (end 2.45 1.12) (layer F.CrtYd) (width 0.05))
    (fp_line (start 2.45 1.12) (end -2.45 1.12) (layer F.CrtYd) (width 0.05))
    (fp_text user %R (at 0 0) (layer F.Fab)
      (effects (font (size 0.8 0.8) (thickness 0.12)))
    )
    (pad 1 smd roundrect (at -1.4875 0) (size 1.425 1.75) (layers F.Cu F.Paste F.Mask) (roundrect_rratio 0.175439)
      (net 3 +5V))
    (pad 2 smd roundrect (at 1.4875 0) (size 1.425 1.75) (layers F.Cu F.Paste F.Mask) (roundrect_rratio 0.175439)
      (net 4 GND))
    (model ${KISYS3DMOD}/Capacitor_SMD.3dshapes/C_1206_3216Metric.wrl
      (at (xyz 0 0 0))
      (scale (xyz 1 1 1))
      (rotate (xyz 0 0 0))
    )
  )

  (module Capacitor_SMD:C_1206_3216Metric_Pad1.42x1.75mm_HandSolder (layer F.Cu) (tedit 5B301BBE) (tstamp 5C93E46D)
    (at 110.523001 106.060001)
    (descr "Capacitor SMD 1206 (3216 Metric), square (rectangular) end terminal, IPC_7351 nominal with elongated pad for handsoldering. (Body size source: http://www.tortai-tech.com/upload/download/2011102023233369053.pdf), generated with kicad-footprint-generator")
    (tags "capacitor handsolder")
    (path /5C837D00/5C7B1FCF)
    (attr smd)
    (fp_text reference C-20 (at 0 -1.82) (layer F.SilkS)
      (effects (font (size 1 1) (thickness 0.15)))
    )
    (fp_text value C (at 0 1.82) (layer F.Fab)
      (effects (font (size 1 1) (thickness 0.15)))
    )
    (fp_text user %R (at 0 0) (layer F.Fab)
      (effects (font (size 0.8 0.8) (thickness 0.12)))
    )
    (fp_line (start 2.45 1.12) (end -2.45 1.12) (layer F.CrtYd) (width 0.05))
    (fp_line (start 2.45 -1.12) (end 2.45 1.12) (layer F.CrtYd) (width 0.05))
    (fp_line (start -2.45 -1.12) (end 2.45 -1.12) (layer F.CrtYd) (width 0.05))
    (fp_line (start -2.45 1.12) (end -2.45 -1.12) (layer F.CrtYd) (width 0.05))
    (fp_line (start -0.602064 0.91) (end 0.602064 0.91) (layer F.SilkS) (width 0.12))
    (fp_line (start -0.602064 -0.91) (end 0.602064 -0.91) (layer F.SilkS) (width 0.12))
    (fp_line (start 1.6 0.8) (end -1.6 0.8) (layer F.Fab) (width 0.1))
    (fp_line (start 1.6 -0.8) (end 1.6 0.8) (layer F.Fab) (width 0.1))
    (fp_line (start -1.6 -0.8) (end 1.6 -0.8) (layer F.Fab) (width 0.1))
    (fp_line (start -1.6 0.8) (end -1.6 -0.8) (layer F.Fab) (width 0.1))
    (pad 2 smd roundrect (at 1.4875 0) (size 1.425 1.75) (layers F.Cu F.Paste F.Mask) (roundrect_rratio 0.175439)
      (net 4 GND))
    (pad 1 smd roundrect (at -1.4875 0) (size 1.425 1.75) (layers F.Cu F.Paste F.Mask) (roundrect_rratio 0.175439)
      (net 3 +5V))
    (model ${KISYS3DMOD}/Capacitor_SMD.3dshapes/C_1206_3216Metric.wrl
      (at (xyz 0 0 0))
      (scale (xyz 1 1 1))
      (rotate (xyz 0 0 0))
    )
  )

  (module Capacitor_SMD:C_1206_3216Metric_Pad1.42x1.75mm_HandSolder (layer F.Cu) (tedit 5B301BBE) (tstamp 5C93E45C)
    (at 114.873001 79.830001)
    (descr "Capacitor SMD 1206 (3216 Metric), square (rectangular) end terminal, IPC_7351 nominal with elongated pad for handsoldering. (Body size source: http://www.tortai-tech.com/upload/download/2011102023233369053.pdf), generated with kicad-footprint-generator")
    (tags "capacitor handsolder")
    (path /5C837D03/5C7B1FCF)
    (attr smd)
    (fp_text reference C-21 (at 0 -1.82) (layer F.SilkS)
      (effects (font (size 1 1) (thickness 0.15)))
    )
    (fp_text value C (at 0 1.82) (layer F.Fab)
      (effects (font (size 1 1) (thickness 0.15)))
    )
    (fp_line (start -1.6 0.8) (end -1.6 -0.8) (layer F.Fab) (width 0.1))
    (fp_line (start -1.6 -0.8) (end 1.6 -0.8) (layer F.Fab) (width 0.1))
    (fp_line (start 1.6 -0.8) (end 1.6 0.8) (layer F.Fab) (width 0.1))
    (fp_line (start 1.6 0.8) (end -1.6 0.8) (layer F.Fab) (width 0.1))
    (fp_line (start -0.602064 -0.91) (end 0.602064 -0.91) (layer F.SilkS) (width 0.12))
    (fp_line (start -0.602064 0.91) (end 0.602064 0.91) (layer F.SilkS) (width 0.12))
    (fp_line (start -2.45 1.12) (end -2.45 -1.12) (layer F.CrtYd) (width 0.05))
    (fp_line (start -2.45 -1.12) (end 2.45 -1.12) (layer F.CrtYd) (width 0.05))
    (fp_line (start 2.45 -1.12) (end 2.45 1.12) (layer F.CrtYd) (width 0.05))
    (fp_line (start 2.45 1.12) (end -2.45 1.12) (layer F.CrtYd) (width 0.05))
    (fp_text user %R (at 0 0) (layer F.Fab)
      (effects (font (size 0.8 0.8) (thickness 0.12)))
    )
    (pad 1 smd roundrect (at -1.4875 0) (size 1.425 1.75) (layers F.Cu F.Paste F.Mask) (roundrect_rratio 0.175439)
      (net 3 +5V))
    (pad 2 smd roundrect (at 1.4875 0) (size 1.425 1.75) (layers F.Cu F.Paste F.Mask) (roundrect_rratio 0.175439)
      (net 4 GND))
    (model ${KISYS3DMOD}/Capacitor_SMD.3dshapes/C_1206_3216Metric.wrl
      (at (xyz 0 0 0))
      (scale (xyz 1 1 1))
      (rotate (xyz 0 0 0))
    )
  )

  (module Package_TO_SOT_SMD:SOT-343_SC-70-4_Handsoldering (layer F.Cu) (tedit 5A02FF57) (tstamp 5C93E263)
    (at 114.823001 82.400001)
    (descr "SOT-343, SC-70-4, Handsoldering")
    (tags "SOT-343 SC-70-4 Handsoldering")
    (path /5C837D03/5C78851A)
    (attr smd)
    (fp_text reference bjt-21 (at 0 -2) (layer F.SilkS)
      (effects (font (size 1 1) (thickness 0.15)))
    )
    (fp_text value BUT11A (at 0 2 180) (layer F.Fab)
      (effects (font (size 1 1) (thickness 0.15)))
    )
    (fp_line (start -0.175 -1.1) (end -0.675 -0.6) (layer F.Fab) (width 0.1))
    (fp_line (start 0.675 1.1) (end -0.675 1.1) (layer F.Fab) (width 0.1))
    (fp_line (start 0.675 -1.1) (end 0.675 1.1) (layer F.Fab) (width 0.1))
    (fp_line (start -1.6 1.4) (end 1.6 1.4) (layer F.CrtYd) (width 0.05))
    (fp_line (start -0.675 -0.6) (end -0.675 1.1) (layer F.Fab) (width 0.1))
    (fp_line (start 0.675 -1.1) (end -0.175 -1.1) (layer F.Fab) (width 0.1))
    (fp_line (start -2.4 -1.4) (end 2.4 -1.4) (layer F.CrtYd) (width 0.05))
    (fp_line (start -2.4 -1.4) (end -2.4 1.4) (layer F.CrtYd) (width 0.05))
    (fp_line (start 2.4 1.4) (end 2.4 -1.4) (layer F.CrtYd) (width 0.05))
    (fp_line (start -0.7 1.16) (end 0.7 1.16) (layer F.SilkS) (width 0.12))
    (fp_line (start 0.7 -1.16) (end -1.2 -1.16) (layer F.SilkS) (width 0.12))
    (fp_text user %R (at 0 0 90) (layer F.Fab)
      (effects (font (size 0.5 0.5) (thickness 0.075)))
    )
    (pad 4 smd rect (at 1.33 -0.65) (size 1.5 0.4) (layers F.Cu F.Paste F.Mask))
    (pad 3 smd rect (at 1.33 0.65) (size 1.5 0.4) (layers F.Cu F.Paste F.Mask)
      (net 4 GND))
    (pad 2 smd rect (at -1.33 0.65) (size 1.5 0.4) (layers F.Cu F.Paste F.Mask)
      (net 143 "Net-(bjt-21-Pad2)"))
    (pad 1 smd rect (at -1.33 -0.65) (size 1.5 0.4) (layers F.Cu F.Paste F.Mask)
      (net 157 "Net-(R-base-21-Pad1)"))
    (model ${KISYS3DMOD}/Package_TO_SOT_SMD.3dshapes/SOT-343_SC-70-4.wrl
      (at (xyz 0 0 0))
      (scale (xyz 1 1 1))
      (rotate (xyz 0 0 0))
    )
  )

  (module Package_TO_SOT_SMD:SOT-343_SC-70-4_Handsoldering (layer F.Cu) (tedit 5A02FF57) (tstamp 5C93E229)
    (at 110.473001 108.630001)
    (descr "SOT-343, SC-70-4, Handsoldering")
    (tags "SOT-343 SC-70-4 Handsoldering")
    (path /5C837D00/5C78851A)
    (attr smd)
    (fp_text reference bjt-20 (at 0 -2) (layer F.SilkS)
      (effects (font (size 1 1) (thickness 0.15)))
    )
    (fp_text value BUT11A (at 0 2 180) (layer F.Fab)
      (effects (font (size 1 1) (thickness 0.15)))
    )
    (fp_text user %R (at 0 0 90) (layer F.Fab)
      (effects (font (size 0.5 0.5) (thickness 0.075)))
    )
    (fp_line (start 0.7 -1.16) (end -1.2 -1.16) (layer F.SilkS) (width 0.12))
    (fp_line (start -0.7 1.16) (end 0.7 1.16) (layer F.SilkS) (width 0.12))
    (fp_line (start 2.4 1.4) (end 2.4 -1.4) (layer F.CrtYd) (width 0.05))
    (fp_line (start -2.4 -1.4) (end -2.4 1.4) (layer F.CrtYd) (width 0.05))
    (fp_line (start -2.4 -1.4) (end 2.4 -1.4) (layer F.CrtYd) (width 0.05))
    (fp_line (start 0.675 -1.1) (end -0.175 -1.1) (layer F.Fab) (width 0.1))
    (fp_line (start -0.675 -0.6) (end -0.675 1.1) (layer F.Fab) (width 0.1))
    (fp_line (start -1.6 1.4) (end 1.6 1.4) (layer F.CrtYd) (width 0.05))
    (fp_line (start 0.675 -1.1) (end 0.675 1.1) (layer F.Fab) (width 0.1))
    (fp_line (start 0.675 1.1) (end -0.675 1.1) (layer F.Fab) (width 0.1))
    (fp_line (start -0.175 -1.1) (end -0.675 -0.6) (layer F.Fab) (width 0.1))
    (pad 1 smd rect (at -1.33 -0.65) (size 1.5 0.4) (layers F.Cu F.Paste F.Mask)
      (net 155 "Net-(R-base-20-Pad1)"))
    (pad 2 smd rect (at -1.33 0.65) (size 1.5 0.4) (layers F.Cu F.Paste F.Mask)
      (net 110 "Net-(bjt-20-Pad2)"))
    (pad 3 smd rect (at 1.33 0.65) (size 1.5 0.4) (layers F.Cu F.Paste F.Mask)
      (net 4 GND))
    (pad 4 smd rect (at 1.33 -0.65) (size 1.5 0.4) (layers F.Cu F.Paste F.Mask))
    (model ${KISYS3DMOD}/Package_TO_SOT_SMD.3dshapes/SOT-343_SC-70-4.wrl
      (at (xyz 0 0 0))
      (scale (xyz 1 1 1))
      (rotate (xyz 0 0 0))
    )
  )

  (module Package_TO_SOT_SMD:SOT-343_SC-70-4_Handsoldering (layer F.Cu) (tedit 5A02FF57) (tstamp 5C93E215)
    (at 304.053001 115.860001)
    (descr "SOT-343, SC-70-4, Handsoldering")
    (tags "SOT-343 SC-70-4 Handsoldering")
    (path /5C837CFD/5C78851A)
    (attr smd)
    (fp_text reference bjt-19 (at 0 -2) (layer F.SilkS)
      (effects (font (size 1 1) (thickness 0.15)))
    )
    (fp_text value BUT11A (at 0 2 180) (layer F.Fab)
      (effects (font (size 1 1) (thickness 0.15)))
    )
    (fp_line (start -0.175 -1.1) (end -0.675 -0.6) (layer F.Fab) (width 0.1))
    (fp_line (start 0.675 1.1) (end -0.675 1.1) (layer F.Fab) (width 0.1))
    (fp_line (start 0.675 -1.1) (end 0.675 1.1) (layer F.Fab) (width 0.1))
    (fp_line (start -1.6 1.4) (end 1.6 1.4) (layer F.CrtYd) (width 0.05))
    (fp_line (start -0.675 -0.6) (end -0.675 1.1) (layer F.Fab) (width 0.1))
    (fp_line (start 0.675 -1.1) (end -0.175 -1.1) (layer F.Fab) (width 0.1))
    (fp_line (start -2.4 -1.4) (end 2.4 -1.4) (layer F.CrtYd) (width 0.05))
    (fp_line (start -2.4 -1.4) (end -2.4 1.4) (layer F.CrtYd) (width 0.05))
    (fp_line (start 2.4 1.4) (end 2.4 -1.4) (layer F.CrtYd) (width 0.05))
    (fp_line (start -0.7 1.16) (end 0.7 1.16) (layer F.SilkS) (width 0.12))
    (fp_line (start 0.7 -1.16) (end -1.2 -1.16) (layer F.SilkS) (width 0.12))
    (fp_text user %R (at 0 0 90) (layer F.Fab)
      (effects (font (size 0.5 0.5) (thickness 0.075)))
    )
    (pad 4 smd rect (at 1.33 -0.65) (size 1.5 0.4) (layers F.Cu F.Paste F.Mask))
    (pad 3 smd rect (at 1.33 0.65) (size 1.5 0.4) (layers F.Cu F.Paste F.Mask)
      (net 4 GND))
    (pad 2 smd rect (at -1.33 0.65) (size 1.5 0.4) (layers F.Cu F.Paste F.Mask)
      (net 113 "Net-(bjt-19-Pad2)"))
    (pad 1 smd rect (at -1.33 -0.65) (size 1.5 0.4) (layers F.Cu F.Paste F.Mask)
      (net 158 "Net-(R-base-19-Pad1)"))
    (model ${KISYS3DMOD}/Package_TO_SOT_SMD.3dshapes/SOT-343_SC-70-4.wrl
      (at (xyz 0 0 0))
      (scale (xyz 1 1 1))
      (rotate (xyz 0 0 0))
    )
  )

  (module Package_TO_SOT_SMD:SOT-343_SC-70-4_Handsoldering (layer F.Cu) (tedit 5A02FF57) (tstamp 5C93E201)
    (at 298.212999 81.429999 180)
    (descr "SOT-343, SC-70-4, Handsoldering")
    (tags "SOT-343 SC-70-4 Handsoldering")
    (path /5C837CFA/5C78851A)
    (attr smd)
    (fp_text reference bjt-18 (at 0 -2 180) (layer F.SilkS)
      (effects (font (size 1 1) (thickness 0.15)))
    )
    (fp_text value BUT11A (at 0 2) (layer F.Fab)
      (effects (font (size 1 1) (thickness 0.15)))
    )
    (fp_text user %R (at 0 0 270) (layer F.Fab)
      (effects (font (size 0.5 0.5) (thickness 0.075)))
    )
    (fp_line (start 0.7 -1.16) (end -1.2 -1.16) (layer F.SilkS) (width 0.12))
    (fp_line (start -0.7 1.16) (end 0.7 1.16) (layer F.SilkS) (width 0.12))
    (fp_line (start 2.4 1.4) (end 2.4 -1.4) (layer F.CrtYd) (width 0.05))
    (fp_line (start -2.4 -1.4) (end -2.4 1.4) (layer F.CrtYd) (width 0.05))
    (fp_line (start -2.4 -1.4) (end 2.4 -1.4) (layer F.CrtYd) (width 0.05))
    (fp_line (start 0.675 -1.1) (end -0.175 -1.1) (layer F.Fab) (width 0.1))
    (fp_line (start -0.675 -0.6) (end -0.675 1.1) (layer F.Fab) (width 0.1))
    (fp_line (start -1.6 1.4) (end 1.6 1.4) (layer F.CrtYd) (width 0.05))
    (fp_line (start 0.675 -1.1) (end 0.675 1.1) (layer F.Fab) (width 0.1))
    (fp_line (start 0.675 1.1) (end -0.675 1.1) (layer F.Fab) (width 0.1))
    (fp_line (start -0.175 -1.1) (end -0.675 -0.6) (layer F.Fab) (width 0.1))
    (pad 1 smd rect (at -1.33 -0.65 180) (size 1.5 0.4) (layers F.Cu F.Paste F.Mask)
      (net 159 "Net-(R-base-18-Pad1)"))
    (pad 2 smd rect (at -1.33 0.65 180) (size 1.5 0.4) (layers F.Cu F.Paste F.Mask)
      (net 120 "Net-(bjt-18-Pad2)"))
    (pad 3 smd rect (at 1.33 0.65 180) (size 1.5 0.4) (layers F.Cu F.Paste F.Mask)
      (net 4 GND))
    (pad 4 smd rect (at 1.33 -0.65 180) (size 1.5 0.4) (layers F.Cu F.Paste F.Mask))
    (model ${KISYS3DMOD}/Package_TO_SOT_SMD.3dshapes/SOT-343_SC-70-4.wrl
      (at (xyz 0 0 0))
      (scale (xyz 1 1 1))
      (rotate (xyz 0 0 0))
    )
  )

  (module Package_TO_SOT_SMD:SOT-343_SC-70-4_Handsoldering (layer F.Cu) (tedit 5A02FF57) (tstamp 5C93E1ED)
    (at 254.302999 84.409999 180)
    (descr "SOT-343, SC-70-4, Handsoldering")
    (tags "SOT-343 SC-70-4 Handsoldering")
    (path /5C837CF7/5C78851A)
    (attr smd)
    (fp_text reference bjt-17 (at 0 -2 180) (layer F.SilkS)
      (effects (font (size 1 1) (thickness 0.15)))
    )
    (fp_text value BUT11A (at 0 2) (layer F.Fab)
      (effects (font (size 1 1) (thickness 0.15)))
    )
    (fp_line (start -0.175 -1.1) (end -0.675 -0.6) (layer F.Fab) (width 0.1))
    (fp_line (start 0.675 1.1) (end -0.675 1.1) (layer F.Fab) (width 0.1))
    (fp_line (start 0.675 -1.1) (end 0.675 1.1) (layer F.Fab) (width 0.1))
    (fp_line (start -1.6 1.4) (end 1.6 1.4) (layer F.CrtYd) (width 0.05))
    (fp_line (start -0.675 -0.6) (end -0.675 1.1) (layer F.Fab) (width 0.1))
    (fp_line (start 0.675 -1.1) (end -0.175 -1.1) (layer F.Fab) (width 0.1))
    (fp_line (start -2.4 -1.4) (end 2.4 -1.4) (layer F.CrtYd) (width 0.05))
    (fp_line (start -2.4 -1.4) (end -2.4 1.4) (layer F.CrtYd) (width 0.05))
    (fp_line (start 2.4 1.4) (end 2.4 -1.4) (layer F.CrtYd) (width 0.05))
    (fp_line (start -0.7 1.16) (end 0.7 1.16) (layer F.SilkS) (width 0.12))
    (fp_line (start 0.7 -1.16) (end -1.2 -1.16) (layer F.SilkS) (width 0.12))
    (fp_text user %R (at 0 0 270) (layer F.Fab)
      (effects (font (size 0.5 0.5) (thickness 0.075)))
    )
    (pad 4 smd rect (at 1.33 -0.65 180) (size 1.5 0.4) (layers F.Cu F.Paste F.Mask))
    (pad 3 smd rect (at 1.33 0.65 180) (size 1.5 0.4) (layers F.Cu F.Paste F.Mask)
      (net 4 GND))
    (pad 2 smd rect (at -1.33 0.65 180) (size 1.5 0.4) (layers F.Cu F.Paste F.Mask)
      (net 123 "Net-(bjt-17-Pad2)"))
    (pad 1 smd rect (at -1.33 -0.65 180) (size 1.5 0.4) (layers F.Cu F.Paste F.Mask)
      (net 156 "Net-(R-base-17-Pad1)"))
    (model ${KISYS3DMOD}/Package_TO_SOT_SMD.3dshapes/SOT-343_SC-70-4.wrl
      (at (xyz 0 0 0))
      (scale (xyz 1 1 1))
      (rotate (xyz 0 0 0))
    )
  )

  (module Package_TO_SOT_SMD:SOT-343_SC-70-4_Handsoldering (layer F.Cu) (tedit 5A02FF57) (tstamp 5C93E1D9)
    (at 260.333001 113.320001)
    (descr "SOT-343, SC-70-4, Handsoldering")
    (tags "SOT-343 SC-70-4 Handsoldering")
    (path /5C837CF4/5C78851A)
    (attr smd)
    (fp_text reference bjt-16 (at 0 -2) (layer F.SilkS)
      (effects (font (size 1 1) (thickness 0.15)))
    )
    (fp_text value BUT11A (at 0 2 180) (layer F.Fab)
      (effects (font (size 1 1) (thickness 0.15)))
    )
    (fp_text user %R (at 0 0 90) (layer F.Fab)
