(kicad_pcb (version 20171130) (host pcbnew "(5.0.2)-1")

  (general
    (thickness 1.6)
    (drawings 50)
    (tracks 658)
    (zones 0)
    (modules 109)
    (nets 151)
  )

  (page A4)
  (title_block
    (date "lun. 30 mars 2015")
  )

  (layers
    (0 F.Cu signal)
    (31 B.Cu signal)
    (32 B.Adhes user)
    (33 F.Adhes user)
    (34 B.Paste user hide)
    (35 F.Paste user)
    (36 B.SilkS user)
    (37 F.SilkS user)
    (38 B.Mask user hide)
    (39 F.Mask user hide)
    (40 Dwgs.User user)
    (41 Cmts.User user hide)
    (42 Eco1.User user hide)
    (43 Eco2.User user hide)
    (44 Edge.Cuts user)
    (45 Margin user)
    (46 B.CrtYd user hide)
    (47 F.CrtYd user)
    (48 B.Fab user hide)
    (49 F.Fab user hide)
  )

  (setup
    (last_trace_width 0.25)
    (user_trace_width 0.5)
    (user_trace_width 1)
    (user_trace_width 1.5)
    (user_trace_width 2)
    (trace_clearance 0.3)
    (zone_clearance 0.3)
    (zone_45_only no)
    (trace_min 0.2)
    (segment_width 0.15)
    (edge_width 0.15)
    (via_size 0.6)
    (via_drill 0.4)
    (via_min_size 0.5)
    (via_min_drill 0.3)
    (uvia_size 0.3)
    (uvia_drill 0.1)
    (uvias_allowed no)
    (uvia_min_size 0.2)
    (uvia_min_drill 0.1)
    (pcb_text_width 0.3)
    (pcb_text_size 1.5 1.5)
    (mod_edge_width 0.15)
    (mod_text_size 1 1)
    (mod_text_width 0.15)
    (pad_size 4.064 4.064)
    (pad_drill 3.048)
    (pad_to_mask_clearance 0)
    (solder_mask_min_width 0.25)
    (aux_axis_origin 110.998 126.365)
    (grid_origin 110.998 126.365)
    (visible_elements 7FFFFFFF)
    (pcbplotparams
      (layerselection 0x00030_80000001)
      (usegerberextensions false)
      (usegerberattributes false)
      (usegerberadvancedattributes false)
      (creategerberjobfile false)
      (excludeedgelayer true)
      (linewidth 0.100000)
      (plotframeref false)
      (viasonmask false)
      (mode 1)
      (useauxorigin false)
      (hpglpennumber 1)
      (hpglpenspeed 20)
      (hpglpendiameter 15.000000)
      (psnegative false)
      (psa4output false)
      (plotreference true)
      (plotvalue true)
      (plotinvisibletext false)
      (padsonsilk false)
      (subtractmaskfromsilk false)
      (outputformat 1)
      (mirror false)
      (drillshape 1)
      (scaleselection 1)
      (outputdirectory ""))
  )

  (net 0 "")
  (net 1 /IOREF)
  (net 2 /Reset)
  (net 3 +5V)
  (net 4 GND)
  (net 5 /Vin)
  (net 6 "Net-(P1-Pad1)")
  (net 7 "Net-(tx-13-Pad5)")
  (net 8 "Net-(tx-13-Pad4)")
  (net 9 "Net-(R-tx-13-Pad1)")
  (net 10 "Net-(tx-1-Pad5)")
  (net 11 "Net-(tx-1-Pad4)")
  (net 12 "Net-(R-tx-1-Pad1)")
  (net 13 "Net-(R-tx-2-Pad1)")
  (net 14 "Net-(tx-2-Pad4)")
  (net 15 "Net-(tx-2-Pad5)")
  (net 16 "Net-(tx-3-Pad5)")
  (net 17 "Net-(tx-3-Pad4)")
  (net 18 "Net-(R-tx-3-Pad1)")
  (net 19 "Net-(R-tx-4-Pad1)")
  (net 20 "Net-(tx-4-Pad4)")
  (net 21 "Net-(tx-4-Pad5)")
  (net 22 "Net-(tx-5-Pad5)")
  (net 23 "Net-(tx-5-Pad4)")
  (net 24 "Net-(R-tx-5-Pad1)")
  (net 25 "Net-(R-tx-6-Pad1)")
  (net 26 "Net-(tx-6-Pad4)")
  (net 27 "Net-(tx-6-Pad5)")
  (net 28 "Net-(tx-7-Pad5)")
  (net 29 "Net-(tx-7-Pad4)")
  (net 30 "Net-(R-tx-7-Pad1)")
  (net 31 "Net-(R-tx-8-Pad1)")
  (net 32 "Net-(tx-8-Pad4)")
  (net 33 "Net-(tx-8-Pad5)")
  (net 34 "Net-(tx-9-Pad5)")
  (net 35 "Net-(tx-9-Pad4)")
  (net 36 "Net-(R-tx-9-Pad1)")
  (net 37 "Net-(R-tx-10-Pad1)")
  (net 38 "Net-(tx-10-Pad4)")
  (net 39 "Net-(tx-10-Pad5)")
  (net 40 "Net-(tx-11-Pad5)")
  (net 41 "Net-(tx-11-Pad4)")
  (net 42 "Net-(R-tx-11-Pad1)")
  (net 43 "Net-(R-tx-12-Pad1)")
  (net 44 "Net-(tx-12-Pad4)")
  (net 45 "Net-(tx-12-Pad5)")
  (net 46 sig-13)
  (net 47 sig-12)
  (net 48 sig-11)
  (net 49 sig-10)
  (net 50 sig-9)
  (net 51 sig-8)
  (net 52 sig-7)
  (net 53 sig-6)
  (net 54 sig-5)
  (net 55 sig-4)
  (net 56 sig-3)
  (net 57 sig-2)
  (net 58 sig-1)
  (net 59 sig-0)
  (net 60 "Net-(R-base-8-Pad1)")
  (net 61 "Net-(R-base-3-Pad1)")
  (net 62 "Net-(R-base-9-Pad1)")
  (net 63 "Net-(R-base-10-Pad1)")
  (net 64 "Net-(R-base-13-Pad1)")
  (net 65 "Net-(R-base-12-Pad1)")
  (net 66 "Net-(R-base-11-Pad1)")
  (net 67 "Net-(R-base-7-Pad1)")
  (net 68 "Net-(R-base-1-Pad1)")
  (net 69 "Net-(R-base-2-Pad1)")
  (net 70 "Net-(R-base-4-Pad1)")
  (net 71 "Net-(R-base-5-Pad1)")
  (net 72 "Net-(R-base-6-Pad1)")
  (net 73 "Net-(P3-Pad3)")
  (net 74 "Net-(tx-1-Pad3)")
  (net 75 "Net-(tx-2-Pad3)")
  (net 76 "Net-(tx-3-Pad3)")
  (net 77 "Net-(tx-4-Pad3)")
  (net 78 "Net-(tx-5-Pad3)")
  (net 79 "Net-(tx-6-Pad3)")
  (net 80 "Net-(tx-8-Pad3)")
  (net 81 "Net-(tx-9-Pad3)")
  (net 82 "Net-(tx-10-Pad3)")
  (net 83 "Net-(tx-11-Pad3)")
  (net 84 "Net-(tx-12-Pad3)")
  (net 85 "Net-(tx-7-Pad3)")
  (net 86 "Net-(tx-13-Pad3)")
  (net 87 "Net-(tx-20-Pad5)")
  (net 88 "Net-(tx-20-Pad4)")
  (net 89 "Net-(tx-20-Pad3)")
  (net 90 "Net-(R-tx-20-Pad1)")
  (net 91 "Net-(R-tx-19-Pad1)")
  (net 92 "Net-(tx-19-Pad3)")
  (net 93 "Net-(tx-19-Pad4)")
  (net 94 "Net-(tx-19-Pad5)")
  (net 95 "Net-(tx-18-Pad5)")
  (net 96 "Net-(tx-18-Pad4)")
  (net 97 "Net-(tx-18-Pad3)")
  (net 98 "Net-(R-tx-18-Pad1)")
  (net 99 "Net-(R-tx-17-Pad1)")
  (net 100 "Net-(tx-17-Pad3)")
  (net 101 "Net-(tx-17-Pad4)")
  (net 102 "Net-(tx-17-Pad5)")
  (net 103 "Net-(tx-16-Pad5)")
  (net 104 "Net-(tx-16-Pad4)")
  (net 105 "Net-(tx-16-Pad3)")
  (net 106 "Net-(R-tx-16-Pad1)")
  (net 107 "Net-(R-tx-15-Pad1)")
  (net 108 "Net-(tx-15-Pad3)")
  (net 109 "Net-(tx-15-Pad4)")
  (net 110 "Net-(tx-15-Pad5)")
  (net 111 "Net-(tx-14-Pad5)")
  (net 112 "Net-(tx-14-Pad4)")
  (net 113 "Net-(tx-14-Pad3)")
  (net 114 "Net-(R-tx-14-Pad1)")
  (net 115 sig-14)
  (net 116 sig-15)
  (net 117 sig-16)
  (net 118 sig-17)
  (net 119 sig-18)
  (net 120 sig-19)
  (net 121 "Net-(R-base-20-Pad1)")
  (net 122 "Net-(R-base-17-Pad1)")
  (net 123 "Net-(R-base-19-Pad1)")
  (net 124 "Net-(R-base-18-Pad1)")
  (net 125 "Net-(R-base-16-Pad1)")
  (net 126 "Net-(R-base-14-Pad1)")
  (net 127 "Net-(R-base-15-Pad1)")
  (net 128 sig-scl)
  (net 129 sig-sda)
  (net 130 +3.3V)
  (net 131 "Net-(bjt-9-Pad1)")
  (net 132 "Net-(bjt-12-Pad1)")
  (net 133 "Net-(bjt-1-Pad1)")
  (net 134 "Net-(bjt-2-Pad1)")
  (net 135 "Net-(bjt-3-Pad1)")
  (net 136 "Net-(bjt-4-Pad1)")
  (net 137 "Net-(bjt-5-Pad1)")
  (net 138 "Net-(bjt-6-Pad1)")
  (net 139 "Net-(bjt-7-Pad1)")
  (net 140 "Net-(bjt-8-Pad1)")
  (net 141 "Net-(bjt-10-Pad1)")
  (net 142 "Net-(bjt-11-Pad1)")
  (net 143 "Net-(bjt-19-Pad1)")
  (net 144 "Net-(bjt-18-Pad1)")
  (net 145 "Net-(bjt-17-Pad1)")
  (net 146 "Net-(bjt-16-Pad1)")
  (net 147 "Net-(bjt-15-Pad1)")
  (net 148 "Net-(bjt-14-Pad1)")
  (net 149 "Net-(bjt-13-Pad1)")
  (net 150 "Net-(bjt-20-Pad1)")

  (net_class Default "This is the default net class."
    (clearance 0.3)
    (trace_width 0.25)
    (via_dia 0.6)
    (via_drill 0.4)
    (uvia_dia 0.3)
    (uvia_drill 0.1)
    (add_net +3.3V)
    (add_net +5V)
    (add_net /IOREF)
    (add_net /Reset)
    (add_net /Vin)
    (add_net GND)
    (add_net "Net-(P1-Pad1)")
    (add_net "Net-(P3-Pad3)")
    (add_net "Net-(R-base-1-Pad1)")
    (add_net "Net-(R-base-10-Pad1)")
    (add_net "Net-(R-base-11-Pad1)")
    (add_net "Net-(R-base-12-Pad1)")
    (add_net "Net-(R-base-13-Pad1)")
    (add_net "Net-(R-base-14-Pad1)")
    (add_net "Net-(R-base-15-Pad1)")
    (add_net "Net-(R-base-16-Pad1)")
    (add_net "Net-(R-base-17-Pad1)")
    (add_net "Net-(R-base-18-Pad1)")
    (add_net "Net-(R-base-19-Pad1)")
    (add_net "Net-(R-base-2-Pad1)")
    (add_net "Net-(R-base-20-Pad1)")
    (add_net "Net-(R-base-3-Pad1)")
    (add_net "Net-(R-base-4-Pad1)")
    (add_net "Net-(R-base-5-Pad1)")
    (add_net "Net-(R-base-6-Pad1)")
    (add_net "Net-(R-base-7-Pad1)")
    (add_net "Net-(R-base-8-Pad1)")
    (add_net "Net-(R-base-9-Pad1)")
    (add_net "Net-(R-tx-1-Pad1)")
    (add_net "Net-(R-tx-10-Pad1)")
    (add_net "Net-(R-tx-11-Pad1)")
    (add_net "Net-(R-tx-12-Pad1)")
    (add_net "Net-(R-tx-13-Pad1)")
    (add_net "Net-(R-tx-14-Pad1)")
    (add_net "Net-(R-tx-15-Pad1)")
    (add_net "Net-(R-tx-16-Pad1)")
    (add_net "Net-(R-tx-17-Pad1)")
    (add_net "Net-(R-tx-18-Pad1)")
    (add_net "Net-(R-tx-19-Pad1)")
    (add_net "Net-(R-tx-2-Pad1)")
    (add_net "Net-(R-tx-20-Pad1)")
    (add_net "Net-(R-tx-3-Pad1)")
    (add_net "Net-(R-tx-4-Pad1)")
    (add_net "Net-(R-tx-5-Pad1)")
    (add_net "Net-(R-tx-6-Pad1)")
    (add_net "Net-(R-tx-7-Pad1)")
    (add_net "Net-(R-tx-8-Pad1)")
    (add_net "Net-(R-tx-9-Pad1)")
    (add_net "Net-(bjt-1-Pad1)")
    (add_net "Net-(bjt-10-Pad1)")
    (add_net "Net-(bjt-11-Pad1)")
    (add_net "Net-(bjt-12-Pad1)")
    (add_net "Net-(bjt-13-Pad1)")
    (add_net "Net-(bjt-14-Pad1)")
    (add_net "Net-(bjt-15-Pad1)")
    (add_net "Net-(bjt-16-Pad1)")
    (add_net "Net-(bjt-17-Pad1)")
    (add_net "Net-(bjt-18-Pad1)")
    (add_net "Net-(bjt-19-Pad1)")
    (add_net "Net-(bjt-2-Pad1)")
    (add_net "Net-(bjt-20-Pad1)")
    (add_net "Net-(bjt-3-Pad1)")
    (add_net "Net-(bjt-4-Pad1)")
    (add_net "Net-(bjt-5-Pad1)")
    (add_net "Net-(bjt-6-Pad1)")
    (add_net "Net-(bjt-7-Pad1)")
    (add_net "Net-(bjt-8-Pad1)")
    (add_net "Net-(bjt-9-Pad1)")
    (add_net "Net-(tx-1-Pad3)")
    (add_net "Net-(tx-1-Pad4)")
    (add_net "Net-(tx-1-Pad5)")
    (add_net "Net-(tx-10-Pad3)")
    (add_net "Net-(tx-10-Pad4)")
    (add_net "Net-(tx-10-Pad5)")
    (add_net "Net-(tx-11-Pad3)")
    (add_net "Net-(tx-11-Pad4)")
    (add_net "Net-(tx-11-Pad5)")
    (add_net "Net-(tx-12-Pad3)")
    (add_net "Net-(tx-12-Pad4)")
    (add_net "Net-(tx-12-Pad5)")
    (add_net "Net-(tx-13-Pad3)")
    (add_net "Net-(tx-13-Pad4)")
    (add_net "Net-(tx-13-Pad5)")
    (add_net "Net-(tx-14-Pad3)")
    (add_net "Net-(tx-14-Pad4)")
    (add_net "Net-(tx-14-Pad5)")
    (add_net "Net-(tx-15-Pad3)")
    (add_net "Net-(tx-15-Pad4)")
    (add_net "Net-(tx-15-Pad5)")
    (add_net "Net-(tx-16-Pad3)")
    (add_net "Net-(tx-16-Pad4)")
    (add_net "Net-(tx-16-Pad5)")
    (add_net "Net-(tx-17-Pad3)")
    (add_net "Net-(tx-17-Pad4)")
    (add_net "Net-(tx-17-Pad5)")
    (add_net "Net-(tx-18-Pad3)")
    (add_net "Net-(tx-18-Pad4)")
    (add_net "Net-(tx-18-Pad5)")
    (add_net "Net-(tx-19-Pad3)")
    (add_net "Net-(tx-19-Pad4)")
    (add_net "Net-(tx-19-Pad5)")
    (add_net "Net-(tx-2-Pad3)")
    (add_net "Net-(tx-2-Pad4)")
    (add_net "Net-(tx-2-Pad5)")
    (add_net "Net-(tx-20-Pad3)")
    (add_net "Net-(tx-20-Pad4)")
    (add_net "Net-(tx-20-Pad5)")
    (add_net "Net-(tx-3-Pad3)")
    (add_net "Net-(tx-3-Pad4)")
    (add_net "Net-(tx-3-Pad5)")
    (add_net "Net-(tx-4-Pad3)")
    (add_net "Net-(tx-4-Pad4)")
    (add_net "Net-(tx-4-Pad5)")
    (add_net "Net-(tx-5-Pad3)")
    (add_net "Net-(tx-5-Pad4)")
    (add_net "Net-(tx-5-Pad5)")
    (add_net "Net-(tx-6-Pad3)")
    (add_net "Net-(tx-6-Pad4)")
    (add_net "Net-(tx-6-Pad5)")
    (add_net "Net-(tx-7-Pad3)")
    (add_net "Net-(tx-7-Pad4)")
    (add_net "Net-(tx-7-Pad5)")
    (add_net "Net-(tx-8-Pad3)")
    (add_net "Net-(tx-8-Pad4)")
    (add_net "Net-(tx-8-Pad5)")
    (add_net "Net-(tx-9-Pad3)")
    (add_net "Net-(tx-9-Pad4)")
    (add_net "Net-(tx-9-Pad5)")
    (add_net sig-0)
    (add_net sig-1)
    (add_net sig-10)
    (add_net sig-11)
    (add_net sig-12)
    (add_net sig-13)
    (add_net sig-14)
    (add_net sig-15)
    (add_net sig-16)
    (add_net sig-17)
    (add_net sig-18)
    (add_net sig-19)
    (add_net sig-2)
    (add_net sig-3)
    (add_net sig-4)
    (add_net sig-5)
    (add_net sig-6)
    (add_net sig-7)
    (add_net sig-8)
    (add_net sig-9)
    (add_net sig-scl)
    (add_net sig-sda)
  )

  (module hfbr:HFBR1521Z (layer F.Cu) (tedit 5C77D323) (tstamp 5C93DB5B)
    (at 169.383499 87.899999 180)
    (descr HFBR-1521Z)
    (tags Connector)
    (path /5C837CF7/5C7886FC)
    (fp_text reference tx-17 (at 1.015 3.465 180) (layer F.SilkS)
      (effects (font (size 1.27 1.27) (thickness 0.254)))
    )
    (fp_text value HFBR-1521Z (at 1.015 3.465 180) (layer F.SilkS) hide
      (effects (font (size 1.27 1.27) (thickness 0.254)))
    )
    (fp_line (start -5.08 -2.54) (end 5.08 -2.54) (layer Dwgs.User) (width 0.2))
    (fp_line (start 5.08 -2.54) (end 5.08 9.47) (layer Dwgs.User) (width 0.2))
    (fp_line (start 5.08 9.47) (end -5.08 9.47) (layer Dwgs.User) (width 0.2))
    (fp_line (start -5.08 9.47) (end -5.08 -2.54) (layer Dwgs.User) (width 0.2))
    (fp_line (start -5.08 -2.54) (end 5.08 -2.54) (layer F.SilkS) (width 0.1))
    (fp_line (start 5.08 -2.54) (end 5.08 9.47) (layer F.SilkS) (width 0.1))
    (fp_line (start 5.08 9.47) (end -5.08 9.47) (layer F.SilkS) (width 0.1))
    (fp_line (start -5.08 9.47) (end -5.08 -2.54) (layer F.SilkS) (width 0.1))
    (fp_line (start -6.08 -3.54) (end 8.11 -3.54) (layer Dwgs.User) (width 0.1))
    (fp_line (start 8.11 -3.54) (end 8.11 10.47) (layer Dwgs.User) (width 0.1))
    (fp_line (start 8.11 10.47) (end -6.08 10.47) (layer Dwgs.User) (width 0.1))
    (fp_line (start -6.08 10.47) (end -6.08 -3.54) (layer Dwgs.User) (width 0.1))
    (fp_line (start 5.08 4.5) (end 7.11 4.5) (layer Dwgs.User) (width 0.2))
    (fp_line (start 7.11 4.5) (end 7.11 5.08) (layer Dwgs.User) (width 0.2))
    (fp_line (start 7.11 4.5) (end 7.11 6.4) (layer Dwgs.User) (width 0.2))
    (fp_line (start 7.11 6.4) (end 6 6.4) (layer Dwgs.User) (width 0.2))
    (fp_line (start 6 6.4) (end 6 5.5) (layer Dwgs.User) (width 0.2))
    (fp_line (start 6 5.5) (end 5.08 5.5) (layer Dwgs.User) (width 0.2))
    (fp_line (start 5.08 4.5) (end 7.11 4.5) (layer F.SilkS) (width 0.1))
    (fp_line (start 7.11 4.5) (end 7.11 6.4) (layer F.SilkS) (width 0.1))
    (fp_line (start 7.11 6.4) (end 6 6.4) (layer F.SilkS) (width 0.1))
    (fp_line (start 6 6.4) (end 6 5.5) (layer F.SilkS) (width 0.1))
    (fp_line (start 6 5.5) (end 5.08 5.5) (layer F.SilkS) (width 0.1))
    (fp_line (start 6 -0.1) (end 6 -0.1) (layer F.SilkS) (width 0.2))
    (fp_line (start 6 0.1) (end 6 0.1) (layer F.SilkS) (width 0.2))
    (fp_arc (start 6 0) (end 6 -0.1) (angle 180) (layer F.SilkS) (width 0.2))
    (fp_arc (start 6 0) (end 6 0.1) (angle 180) (layer F.SilkS) (width 0.2))
    (pad 1 thru_hole circle (at 3.81 0 270) (size 1.515 1.515) (drill 1.01) (layers *.Cu *.Mask F.SilkS)
      (net 99 "Net-(R-tx-17-Pad1)"))
    (pad 2 thru_hole circle (at 1.27 0 270) (size 1.515 1.515) (drill 1.01) (layers *.Cu *.Mask F.SilkS)
      (net 145 "Net-(bjt-17-Pad1)"))
    (pad 3 thru_hole circle (at -1.27 0 270) (size 1.515 1.515) (drill 1.01) (layers *.Cu *.Mask F.SilkS)
      (net 100 "Net-(tx-17-Pad3)"))
    (pad 4 thru_hole circle (at -3.81 0 270) (size 1.515 1.515) (drill 1.01) (layers *.Cu *.Mask F.SilkS)
      (net 101 "Net-(tx-17-Pad4)"))
    (pad 5 thru_hole circle (at -3.81 7.62 270) (size 1.515 1.515) (drill 1.01) (layers *.Cu *.Mask F.SilkS)
      (net 102 "Net-(tx-17-Pad5)"))
    (pad 6 thru_hole circle (at 3.81 7.62 270) (size 1.515 1.515) (drill 1.01) (layers *.Cu *.Mask F.SilkS))
  )

  (module Connector_PinHeader_2.54mm:PinHeader_1x02_P2.54mm_Vertical (layer F.Cu) (tedit 59FED5CC) (tstamp 5CA6CA9F)
    (at 239.522 103.505)
    (descr "Through hole straight pin header, 1x02, 2.54mm pitch, single row")
    (tags "Through hole pin header THT 1x02 2.54mm single row")
    (path /5C88F8F9)
    (fp_text reference J3 (at 0 -2.33) (layer F.SilkS)
      (effects (font (size 1 1) (thickness 0.15)))
    )
    (fp_text value Conn_01x02_Male (at 0 4.87) (layer F.Fab)
      (effects (font (size 1 1) (thickness 0.15)))
    )
    (fp_line (start -0.635 -1.27) (end 1.27 -1.27) (layer F.Fab) (width 0.1))
    (fp_line (start 1.27 -1.27) (end 1.27 3.81) (layer F.Fab) (width 0.1))
    (fp_line (start 1.27 3.81) (end -1.27 3.81) (layer F.Fab) (width 0.1))
    (fp_line (start -1.27 3.81) (end -1.27 -0.635) (layer F.Fab) (width 0.1))
    (fp_line (start -1.27 -0.635) (end -0.635 -1.27) (layer F.Fab) (width 0.1))
    (fp_line (start -1.33 3.87) (end 1.33 3.87) (layer F.SilkS) (width 0.12))
    (fp_line (start -1.33 1.27) (end -1.33 3.87) (layer F.SilkS) (width 0.12))
    (fp_line (start 1.33 1.27) (end 1.33 3.87) (layer F.SilkS) (width 0.12))
    (fp_line (start -1.33 1.27) (end 1.33 1.27) (layer F.SilkS) (width 0.12))
    (fp_line (start -1.33 0) (end -1.33 -1.33) (layer F.SilkS) (width 0.12))
    (fp_line (start -1.33 -1.33) (end 0 -1.33) (layer F.SilkS) (width 0.12))
    (fp_line (start -1.8 -1.8) (end -1.8 4.35) (layer F.CrtYd) (width 0.05))
    (fp_line (start -1.8 4.35) (end 1.8 4.35) (layer F.CrtYd) (width 0.05))
    (fp_line (start 1.8 4.35) (end 1.8 -1.8) (layer F.CrtYd) (width 0.05))
    (fp_line (start 1.8 -1.8) (end -1.8 -1.8) (layer F.CrtYd) (width 0.05))
    (fp_text user %R (at 0 1.27 90) (layer F.Fab)
      (effects (font (size 1 1) (thickness 0.15)))
    )
    (pad 1 thru_hole rect (at 0 0) (size 1.7 1.7) (drill 1) (layers *.Cu *.Mask)
      (net 4 GND))
    (pad 2 thru_hole oval (at 0 2.54) (size 1.7 1.7) (drill 1) (layers *.Cu *.Mask)
      (net 3 +5V))
    (model ${KISYS3DMOD}/Connector_PinHeader_2.54mm.3dshapes/PinHeader_1x02_P2.54mm_Vertical.wrl
      (at (xyz 0 0 0))
      (scale (xyz 1 1 1))
      (rotate (xyz 0 0 0))
    )
  )

  (module Connector_PinHeader_2.54mm:PinHeader_1x02_P2.54mm_Vertical (layer F.Cu) (tedit 59FED5CC) (tstamp 5CA674A1)
    (at 239.522 93.345)
    (descr "Through hole straight pin header, 1x02, 2.54mm pitch, single row")
    (tags "Through hole pin header THT 1x02 2.54mm single row")
    (path /5C88DC7F)
    (fp_text reference J2 (at 0 -2.33) (layer F.SilkS)
      (effects (font (size 1 1) (thickness 0.15)))
    )
    (fp_text value Conn_01x02_Male (at 0 4.87) (layer F.Fab)
      (effects (font (size 1 1) (thickness 0.15)))
    )
    (fp_line (start -0.635 -1.27) (end 1.27 -1.27) (layer F.Fab) (width 0.1))
    (fp_line (start 1.27 -1.27) (end 1.27 3.81) (layer F.Fab) (width 0.1))
    (fp_line (start 1.27 3.81) (end -1.27 3.81) (layer F.Fab) (width 0.1))
    (fp_line (start -1.27 3.81) (end -1.27 -0.635) (layer F.Fab) (width 0.1))
    (fp_line (start -1.27 -0.635) (end -0.635 -1.27) (layer F.Fab) (width 0.1))
    (fp_line (start -1.33 3.87) (end 1.33 3.87) (layer F.SilkS) (width 0.12))
    (fp_line (start -1.33 1.27) (end -1.33 3.87) (layer F.SilkS) (width 0.12))
    (fp_line (start 1.33 1.27) (end 1.33 3.87) (layer F.SilkS) (width 0.12))
    (fp_line (start -1.33 1.27) (end 1.33 1.27) (layer F.SilkS) (width 0.12))
    (fp_line (start -1.33 0) (end -1.33 -1.33) (layer F.SilkS) (width 0.12))
    (fp_line (start -1.33 -1.33) (end 0 -1.33) (layer F.SilkS) (width 0.12))
    (fp_line (start -1.8 -1.8) (end -1.8 4.35) (layer F.CrtYd) (width 0.05))
    (fp_line (start -1.8 4.35) (end 1.8 4.35) (layer F.CrtYd) (width 0.05))
    (fp_line (start 1.8 4.35) (end 1.8 -1.8) (layer F.CrtYd) (width 0.05))
    (fp_line (start 1.8 -1.8) (end -1.8 -1.8) (layer F.CrtYd) (width 0.05))
    (fp_text user %R (at 0 1.27 90) (layer F.Fab)
      (effects (font (size 1 1) (thickness 0.15)))
    )
    (pad 1 thru_hole rect (at 0 0) (size 1.7 1.7) (drill 1) (layers *.Cu *.Mask)
      (net 4 GND))
    (pad 2 thru_hole oval (at 0 2.54) (size 1.7 1.7) (drill 1) (layers *.Cu *.Mask)
      (net 3 +5V))
    (model ${KISYS3DMOD}/Connector_PinHeader_2.54mm.3dshapes/PinHeader_1x02_P2.54mm_Vertical.wrl
      (at (xyz 0 0 0))
      (scale (xyz 1 1 1))
      (rotate (xyz 0 0 0))
    )
  )

  (module MountingHole:MountingHole_3.2mm_M3_ISO7380_Pad (layer F.Cu) (tedit 56D1B4CB) (tstamp 5C98ADE6)
    (at 239.268 125.095)
    (descr "Mounting Hole 3.2mm, M3, ISO7380")
    (tags "mounting hole 3.2mm m3 iso7380")
    (path /5C88506C)
    (attr virtual)
    (fp_text reference H1 (at 0 -3.85) (layer F.SilkS)
      (effects (font (size 1 1) (thickness 0.15)))
    )
    (fp_text value MountingHole (at 0 3.85) (layer F.Fab)
      (effects (font (size 1 1) (thickness 0.15)))
    )
    (fp_circle (center 0 0) (end 3.1 0) (layer F.CrtYd) (width 0.05))
    (fp_circle (center 0 0) (end 2.85 0) (layer Cmts.User) (width 0.15))
    (fp_text user %R (at 0.3 0) (layer F.Fab)
      (effects (font (size 1 1) (thickness 0.15)))
    )
    (pad 1 thru_hole circle (at 0 0) (size 5.7 5.7) (drill 3.2) (layers *.Cu *.Mask)
      (net 4 GND))
  )

  (module MountingHole:MountingHole_3.2mm_M3_ISO7380_Pad (layer F.Cu) (tedit 56D1B4CB) (tstamp 5C98ADDF)
    (at 239.268 74.295)
    (descr "Mounting Hole 3.2mm, M3, ISO7380")
    (tags "mounting hole 3.2mm m3 iso7380")
    (path /5C8870EC)
    (attr virtual)
    (fp_text reference H2 (at 0 -3.85) (layer F.SilkS)
      (effects (font (size 1 1) (thickness 0.15)))
    )
    (fp_text value MountingHole (at 0 3.85) (layer F.Fab)
      (effects (font (size 1 1) (thickness 0.15)))
    )
    (fp_text user %R (at 0.3 0) (layer F.Fab)
      (effects (font (size 1 1) (thickness 0.15)))
    )
    (fp_circle (center 0 0) (end 2.85 0) (layer Cmts.User) (width 0.15))
    (fp_circle (center 0 0) (end 3.1 0) (layer F.CrtYd) (width 0.05))
    (pad 1 thru_hole circle (at 0 0) (size 5.7 5.7) (drill 3.2) (layers *.Cu *.Mask)
      (net 4 GND))
  )

  (module Connector_PinHeader_2.54mm:PinHeader_1x08_P2.54mm_Vertical (layer F.Cu) (tedit 59FED5CC) (tstamp 5C96C8B1)
    (at 129.286 89.281)
    (descr "Through hole straight pin header, 1x08, 2.54mm pitch, single row")
    (tags "Through hole pin header THT 1x08 2.54mm single row")
    (path /5C87C4F6)
    (fp_text reference J1 (at 0 -2.33) (layer F.SilkS)
      (effects (font (size 1 1) (thickness 0.15)))
    )
    (fp_text value Conn_01x08_Male (at 0 20.11) (layer F.Fab)
      (effects (font (size 1 1) (thickness 0.15)))
    )
    (fp_line (start -0.635 -1.27) (end 1.27 -1.27) (layer F.Fab) (width 0.1))
    (fp_line (start 1.27 -1.27) (end 1.27 19.05) (layer F.Fab) (width 0.1))
    (fp_line (start 1.27 19.05) (end -1.27 19.05) (layer F.Fab) (width 0.1))
    (fp_line (start -1.27 19.05) (end -1.27 -0.635) (layer F.Fab) (width 0.1))
    (fp_line (start -1.27 -0.635) (end -0.635 -1.27) (layer F.Fab) (width 0.1))
    (fp_line (start -1.33 19.11) (end 1.33 19.11) (layer F.SilkS) (width 0.12))
    (fp_line (start -1.33 1.27) (end -1.33 19.11) (layer F.SilkS) (width 0.12))
    (fp_line (start 1.33 1.27) (end 1.33 19.11) (layer F.SilkS) (width 0.12))
    (fp_line (start -1.33 1.27) (end 1.33 1.27) (layer F.SilkS) (width 0.12))
    (fp_line (start -1.33 0) (end -1.33 -1.33) (layer F.SilkS) (width 0.12))
    (fp_line (start -1.33 -1.33) (end 0 -1.33) (layer F.SilkS) (width 0.12))
    (fp_line (start -1.8 -1.8) (end -1.8 19.55) (layer F.CrtYd) (width 0.05))
    (fp_line (start -1.8 19.55) (end 1.8 19.55) (layer F.CrtYd) (width 0.05))
    (fp_line (start 1.8 19.55) (end 1.8 -1.8) (layer F.CrtYd) (width 0.05))
    (fp_line (start 1.8 -1.8) (end -1.8 -1.8) (layer F.CrtYd) (width 0.05))
    (fp_text user %R (at 0 8.89 90) (layer F.Fab)
      (effects (font (size 1 1) (thickness 0.15)))
    )
    (pad 1 thru_hole rect (at 0 0) (size 1.7 1.7) (drill 1) (layers *.Cu *.Mask)
      (net 128 sig-scl))
    (pad 2 thru_hole oval (at 0 2.54) (size 1.7 1.7) (drill 1) (layers *.Cu *.Mask)
      (net 129 sig-sda))
    (pad 3 thru_hole oval (at 0 5.08) (size 1.7 1.7) (drill 1) (layers *.Cu *.Mask)
      (net 4 GND))
    (pad 4 thru_hole oval (at 0 7.62) (size 1.7 1.7) (drill 1) (layers *.Cu *.Mask)
      (net 4 GND))
    (pad 5 thru_hole oval (at 0 10.16) (size 1.7 1.7) (drill 1) (layers *.Cu *.Mask)
      (net 3 +5V))
    (pad 6 thru_hole oval (at 0 12.7) (size 1.7 1.7) (drill 1) (layers *.Cu *.Mask)
      (net 130 +3.3V))
    (pad 7 thru_hole oval (at 0 15.24) (size 1.7 1.7) (drill 1) (layers *.Cu *.Mask)
      (net 4 GND))
    (pad 8 thru_hole oval (at 0 17.78) (size 1.7 1.7) (drill 1) (layers *.Cu *.Mask)
      (net 2 /Reset))
    (model ${KISYS3DMOD}/Connector_PinHeader_2.54mm.3dshapes/PinHeader_1x08_P2.54mm_Vertical.wrl
      (at (xyz 0 0 0))
      (scale (xyz 1 1 1))
      (rotate (xyz 0 0 0))
    )
  )

  (module Capacitor_SMD:C_1206_3216Metric_Pad1.42x1.75mm_HandSolder (layer F.Cu) (tedit 5B301BBE) (tstamp 5C93E4D3)
    (at 197.8025 99.6315)
    (descr "Capacitor SMD 1206 (3216 Metric), square (rectangular) end terminal, IPC_7351 nominal with elongated pad for handsoldering. (Body size source: http://www.tortai-tech.com/upload/download/2011102023233369053.pdf), generated with kicad-footprint-generator")
    (tags "capacitor handsolder")
    (path /5C837CEE/5C7B1FCF)
    (attr smd)
    (fp_text reference C-14 (at 0 -1.82) (layer F.SilkS) hide
      (effects (font (size 1 1) (thickness 0.15)))
    )
    (fp_text value C (at 0 1.82) (layer F.Fab)
      (effects (font (size 1 1) (thickness 0.15)))
    )
    (fp_text user %R (at 0 0) (layer F.Fab)
      (effects (font (size 0.8 0.8) (thickness 0.12)))
    )
    (fp_line (start 2.45 1.12) (end -2.45 1.12) (layer F.CrtYd) (width 0.05))
    (fp_line (start 2.45 -1.12) (end 2.45 1.12) (layer F.CrtYd) (width 0.05))
    (fp_line (start -2.45 -1.12) (end 2.45 -1.12) (layer F.CrtYd) (width 0.05))
    (fp_line (start -2.45 1.12) (end -2.45 -1.12) (layer F.CrtYd) (width 0.05))
    (fp_line (start -0.602064 0.91) (end 0.602064 0.91) (layer F.SilkS) (width 0.12))
    (fp_line (start -0.602064 -0.91) (end 0.602064 -0.91) (layer F.SilkS) (width 0.12))
    (fp_line (start 1.6 0.8) (end -1.6 0.8) (layer F.Fab) (width 0.1))
    (fp_line (start 1.6 -0.8) (end 1.6 0.8) (layer F.Fab) (width 0.1))
    (fp_line (start -1.6 -0.8) (end 1.6 -0.8) (layer F.Fab) (width 0.1))
    (fp_line (start -1.6 0.8) (end -1.6 -0.8) (layer F.Fab) (width 0.1))
    (pad 2 smd roundrect (at 1.4875 0) (size 1.425 1.75) (layers F.Cu F.Paste F.Mask) (roundrect_rratio 0.175439)
      (net 4 GND))
    (pad 1 smd roundrect (at -1.4875 0) (size 1.425 1.75) (layers F.Cu F.Paste F.Mask) (roundrect_rratio 0.175439)
      (net 3 +5V))
    (model ${KISYS3DMOD}/Capacitor_SMD.3dshapes/C_1206_3216Metric.wrl
      (at (xyz 0 0 0))
      (scale (xyz 1 1 1))
      (rotate (xyz 0 0 0))
    )
  )

  (module Capacitor_SMD:C_1206_3216Metric_Pad1.42x1.75mm_HandSolder (layer F.Cu) (tedit 5B301BBE) (tstamp 5C93ED9F)
    (at 187.6425 99.6315)
    (descr "Capacitor SMD 1206 (3216 Metric), square (rectangular) end terminal, IPC_7351 nominal with elongated pad for handsoldering. (Body size source: http://www.tortai-tech.com/upload/download/2011102023233369053.pdf), generated with kicad-footprint-generator")
    (tags "capacitor handsolder")
    (path /5C837CF1/5C7B1FCF)
    (attr smd)
    (fp_text reference C-15 (at 0 -1.82) (layer F.SilkS) hide
      (effects (font (size 1 1) (thickness 0.15)))
    )
    (fp_text value C (at 0 1.82) (layer F.Fab)
      (effects (font (size 1 1) (thickness 0.15)))
    )
    (fp_line (start -1.6 0.8) (end -1.6 -0.8) (layer F.Fab) (width 0.1))
    (fp_line (start -1.6 -0.8) (end 1.6 -0.8) (layer F.Fab) (width 0.1))
    (fp_line (start 1.6 -0.8) (end 1.6 0.8) (layer F.Fab) (width 0.1))
    (fp_line (start 1.6 0.8) (end -1.6 0.8) (layer F.Fab) (width 0.1))
    (fp_line (start -0.602064 -0.91) (end 0.602064 -0.91) (layer F.SilkS) (width 0.12))
    (fp_line (start -0.602064 0.91) (end 0.602064 0.91) (layer F.SilkS) (width 0.12))
    (fp_line (start -2.45 1.12) (end -2.45 -1.12) (layer F.CrtYd) (width 0.05))
    (fp_line (start -2.45 -1.12) (end 2.45 -1.12) (layer F.CrtYd) (width 0.05))
    (fp_line (start 2.45 -1.12) (end 2.45 1.12) (layer F.CrtYd) (width 0.05))
    (fp_line (start 2.45 1.12) (end -2.45 1.12) (layer F.CrtYd) (width 0.05))
    (fp_text user %R (at 0 0) (layer F.Fab)
      (effects (font (size 0.8 0.8) (thickness 0.12)))
    )
    (pad 1 smd roundrect (at -1.4875 0) (size 1.425 1.75) (layers F.Cu F.Paste F.Mask) (roundrect_rratio 0.175439)
      (net 3 +5V))
    (pad 2 smd roundrect (at 1.4875 0) (size 1.425 1.75) (layers F.Cu F.Paste F.Mask) (roundrect_rratio 0.175439)
      (net 4 GND))
    (model ${KISYS3DMOD}/Capacitor_SMD.3dshapes/C_1206_3216Metric.wrl
      (at (xyz 0 0 0))
      (scale (xyz 1 1 1))
      (rotate (xyz 0 0 0))
    )
  )

  (module Capacitor_SMD:C_1206_3216Metric_Pad1.42x1.75mm_HandSolder (layer F.Cu) (tedit 5B301BBE) (tstamp 5C93E4B1)
    (at 177.4825 99.6315)
    (descr "Capacitor SMD 1206 (3216 Metric), square (rectangular) end terminal, IPC_7351 nominal with elongated pad for handsoldering. (Body size source: http://www.tortai-tech.com/upload/download/2011102023233369053.pdf), generated with kicad-footprint-generator")
    (tags "capacitor handsolder")
    (path /5C837CF4/5C7B1FCF)
    (attr smd)
    (fp_text reference C-16 (at 0 -1.82) (layer F.SilkS) hide
      (effects (font (size 1 1) (thickness 0.15)))
    )
    (fp_text value C (at 0 1.82) (layer F.Fab)
      (effects (font (size 1 1) (thickness 0.15)))
    )
    (fp_text user %R (at 0 0) (layer F.Fab)
      (effects (font (size 0.8 0.8) (thickness 0.12)))
    )
    (fp_line (start 2.45 1.12) (end -2.45 1.12) (layer F.CrtYd) (width 0.05))
    (fp_line (start 2.45 -1.12) (end 2.45 1.12) (layer F.CrtYd) (width 0.05))
    (fp_line (start -2.45 -1.12) (end 2.45 -1.12) (layer F.CrtYd) (width 0.05))
    (fp_line (start -2.45 1.12) (end -2.45 -1.12) (layer F.CrtYd) (width 0.05))
    (fp_line (start -0.602064 0.91) (end 0.602064 0.91) (layer F.SilkS) (width 0.12))
    (fp_line (start -0.602064 -0.91) (end 0.602064 -0.91) (layer F.SilkS) (width 0.12))
    (fp_line (start 1.6 0.8) (end -1.6 0.8) (layer F.Fab) (width 0.1))
    (fp_line (start 1.6 -0.8) (end 1.6 0.8) (layer F.Fab) (width 0.1))
    (fp_line (start -1.6 -0.8) (end 1.6 -0.8) (layer F.Fab) (width 0.1))
    (fp_line (start -1.6 0.8) (end -1.6 -0.8) (layer F.Fab) (width 0.1))
    (pad 2 smd roundrect (at 1.4875 0) (size 1.425 1.75) (layers F.Cu F.Paste F.Mask) (roundrect_rratio 0.175439)
      (net 4 GND))
    (pad 1 smd roundrect (at -1.4875 0) (size 1.425 1.75) (layers F.Cu F.Paste F.Mask) (roundrect_rratio 0.175439)
      (net 3 +5V))
    (model ${KISYS3DMOD}/Capacitor_SMD.3dshapes/C_1206_3216Metric.wrl
      (at (xyz 0 0 0))
      (scale (xyz 1 1 1))
      (rotate (xyz 0 0 0))
    )
  )

  (module Capacitor_SMD:C_1206_3216Metric_Pad1.42x1.75mm_HandSolder (layer F.Cu) (tedit 5B301BBE) (tstamp 5C964B8D)
    (at 167.3225 99.6315)
    (descr "Capacitor SMD 1206 (3216 Metric), square (rectangular) end terminal, IPC_7351 nominal with elongated pad for handsoldering. (Body size source: http://www.tortai-tech.com/upload/download/2011102023233369053.pdf), generated with kicad-footprint-generator")
    (tags "capacitor handsolder")
    (path /5C837CF7/5C7B1FCF)
    (attr smd)
    (fp_text reference C-17 (at 0 -1.82) (layer F.SilkS) hide
      (effects (font (size 1 1) (thickness 0.15)))
    )
    (fp_text value C (at 0 1.82) (layer F.Fab)
      (effects (font (size 1 1) (thickness 0.15)))
    )
    (fp_line (start -1.6 0.8) (end -1.6 -0.8) (layer F.Fab) (width 0.1))
    (fp_line (start -1.6 -0.8) (end 1.6 -0.8) (layer F.Fab) (width 0.1))
    (fp_line (start 1.6 -0.8) (end 1.6 0.8) (layer F.Fab) (width 0.1))
    (fp_line (start 1.6 0.8) (end -1.6 0.8) (layer F.Fab) (width 0.1))
    (fp_line (start -0.602064 -0.91) (end 0.602064 -0.91) (layer F.SilkS) (width 0.12))
    (fp_line (start -0.602064 0.91) (end 0.602064 0.91) (layer F.SilkS) (width 0.12))
    (fp_line (start -2.45 1.12) (end -2.45 -1.12) (layer F.CrtYd) (width 0.05))
    (fp_line (start -2.45 -1.12) (end 2.45 -1.12) (layer F.CrtYd) (width 0.05))
    (fp_line (start 2.45 -1.12) (end 2.45 1.12) (layer F.CrtYd) (width 0.05))
    (fp_line (start 2.45 1.12) (end -2.45 1.12) (layer F.CrtYd) (width 0.05))
    (fp_text user %R (at 0 0) (layer F.Fab)
      (effects (font (size 0.8 0.8) (thickness 0.12)))
    )
    (pad 1 smd roundrect (at -1.4875 0) (size 1.425 1.75) (layers F.Cu F.Paste F.Mask) (roundrect_rratio 0.175439)
      (net 3 +5V))
    (pad 2 smd roundrect (at 1.4875 0) (size 1.425 1.75) (layers F.Cu F.Paste F.Mask) (roundrect_rratio 0.175439)
      (net 4 GND))
    (model ${KISYS3DMOD}/Capacitor_SMD.3dshapes/C_1206_3216Metric.wrl
      (at (xyz 0 0 0))
      (scale (xyz 1 1 1))
      (rotate (xyz 0 0 0))
    )
  )

  (module Capacitor_SMD:C_1206_3216Metric_Pad1.42x1.75mm_HandSolder (layer F.Cu) (tedit 5B301BBE) (tstamp 5C93E48F)
    (at 157.1625 99.6315)
    (descr "Capacitor SMD 1206 (3216 Metric), square (rectangular) end terminal, IPC_7351 nominal with elongated pad for handsoldering. (Body size source: http://www.tortai-tech.com/upload/download/2011102023233369053.pdf), generated with kicad-footprint-generator")
    (tags "capacitor handsolder")
    (path /5C837CFA/5C7B1FCF)
    (attr smd)
    (fp_text reference C-18 (at 0 -1.82) (layer F.SilkS) hide
      (effects (font (size 1 1) (thickness 0.15)))
    )
    (fp_text value C (at 0 1.82) (layer F.Fab)
      (effects (font (size 1 1) (thickness 0.15)))
    )
    (fp_text user %R (at 0 0) (layer F.Fab)
      (effects (font (size 0.8 0.8) (thickness 0.12)))
    )
    (fp_line (start 2.45 1.12) (end -2.45 1.12) (layer F.CrtYd) (width 0.05))
    (fp_line (start 2.45 -1.12) (end 2.45 1.12) (layer F.CrtYd) (width 0.05))
    (fp_line (start -2.45 -1.12) (end 2.45 -1.12) (layer F.CrtYd) (width 0.05))
    (fp_line (start -2.45 1.12) (end -2.45 -1.12) (layer F.CrtYd) (width 0.05))
    (fp_line (start -0.602064 0.91) (end 0.602064 0.91) (layer F.SilkS) (width 0.12))
    (fp_line (start -0.602064 -0.91) (end 0.602064 -0.91) (layer F.SilkS) (width 0.12))
    (fp_line (start 1.6 0.8) (end -1.6 0.8) (layer F.Fab) (width 0.1))
    (fp_line (start 1.6 -0.8) (end 1.6 0.8) (layer F.Fab) (width 0.1))
    (fp_line (start -1.6 -0.8) (end 1.6 -0.8) (layer F.Fab) (width 0.1))
    (fp_line (start -1.6 0.8) (end -1.6 -0.8) (layer F.Fab) (width 0.1))
    (pad 2 smd roundrect (at 1.4875 0) (size 1.425 1.75) (layers F.Cu F.Paste F.Mask) (roundrect_rratio 0.175439)
      (net 4 GND))
    (pad 1 smd roundrect (at -1.4875 0) (size 1.425 1.75) (layers F.Cu F.Paste F.Mask) (roundrect_rratio 0.175439)
      (net 3 +5V))
    (model ${KISYS3DMOD}/Capacitor_SMD.3dshapes/C_1206_3216Metric.wrl
      (at (xyz 0 0 0))
      (scale (xyz 1 1 1))
      (rotate (xyz 0 0 0))
    )
  )

  (module Capacitor_SMD:C_1206_3216Metric_Pad1.42x1.75mm_HandSolder (layer F.Cu) (tedit 5B301BBE) (tstamp 5C93E47E)
    (at 147.0025 99.6315)
    (descr "Capacitor SMD 1206 (3216 Metric), square (rectangular) end terminal, IPC_7351 nominal with elongated pad for handsoldering. (Body size source: http://www.tortai-tech.com/upload/download/2011102023233369053.pdf), generated with kicad-footprint-generator")
    (tags "capacitor handsolder")
    (path /5C837CFD/5C7B1FCF)
    (attr smd)
    (fp_text reference C-19 (at 0 -1.82) (layer F.SilkS) hide
      (effects (font (size 1 1) (thickness 0.15)))
    )
    (fp_text value C (at 0 1.82) (layer F.Fab)
      (effects (font (size 1 1) (thickness 0.15)))
    )
    (fp_line (start -1.6 0.8) (end -1.6 -0.8) (layer F.Fab) (width 0.1))
    (fp_line (start -1.6 -0.8) (end 1.6 -0.8) (layer F.Fab) (width 0.1))
    (fp_line (start 1.6 -0.8) (end 1.6 0.8) (layer F.Fab) (width 0.1))
    (fp_line (start 1.6 0.8) (end -1.6 0.8) (layer F.Fab) (width 0.1))
    (fp_line (start -0.602064 -0.91) (end 0.602064 -0.91) (layer F.SilkS) (width 0.12))
    (fp_line (start -0.602064 0.91) (end 0.602064 0.91) (layer F.SilkS) (width 0.12))
    (fp_line (start -2.45 1.12) (end -2.45 -1.12) (layer F.CrtYd) (width 0.05))
    (fp_line (start -2.45 -1.12) (end 2.45 -1.12) (layer F.CrtYd) (width 0.05))
    (fp_line (start 2.45 -1.12) (end 2.45 1.12) (layer F.CrtYd) (width 0.05))
    (fp_line (start 2.45 1.12) (end -2.45 1.12) (layer F.CrtYd) (width 0.05))
    (fp_text user %R (at 0 0) (layer F.Fab)
      (effects (font (size 0.8 0.8) (thickness 0.12)))
    )
    (pad 1 smd roundrect (at -1.4875 0) (size 1.425 1.75) (layers F.Cu F.Paste F.Mask) (roundrect_rratio 0.175439)
      (net 3 +5V))
    (pad 2 smd roundrect (at 1.4875 0) (size 1.425 1.75) (layers F.Cu F.Paste F.Mask) (roundrect_rratio 0.175439)
      (net 4 GND))
    (model ${KISYS3DMOD}/Capacitor_SMD.3dshapes/C_1206_3216Metric.wrl
      (at (xyz 0 0 0))
      (scale (xyz 1 1 1))
      (rotate (xyz 0 0 0))
    )
  )

  (module Capacitor_SMD:C_1206_3216Metric_Pad1.42x1.75mm_HandSolder (layer F.Cu) (tedit 5B301BBE) (tstamp 5C93E46D)
    (at 136.8425 99.6315)
    (descr "Capacitor SMD 1206 (3216 Metric), square (rectangular) end terminal, IPC_7351 nominal with elongated pad for handsoldering. (Body size source: http://www.tortai-tech.com/upload/download/2011102023233369053.pdf), generated with kicad-footprint-generator")
    (tags "capacitor handsolder")
    (path /5C837D00/5C7B1FCF)
    (attr smd)
    (fp_text reference C-20 (at 0 -1.82) (layer F.SilkS) hide
      (effects (font (size 1 1) (thickness 0.15)))
    )
    (fp_text value C (at 0 1.82) (layer F.Fab)
      (effects (font (size 1 1) (thickness 0.15)))
    )
    (fp_text user %R (at 0 0) (layer F.Fab)
      (effects (font (size 0.8 0.8) (thickness 0.12)))
    )
    (fp_line (start 2.45 1.12) (end -2.45 1.12) (layer F.CrtYd) (width 0.05))
    (fp_line (start 2.45 -1.12) (end 2.45 1.12) (layer F.CrtYd) (width 0.05))
    (fp_line (start -2.45 -1.12) (end 2.45 -1.12) (layer F.CrtYd) (width 0.05))
    (fp_line (start -2.45 1.12) (end -2.45 -1.12) (layer F.CrtYd) (width 0.05))
    (fp_line (start -0.602064 0.91) (end 0.602064 0.91) (layer F.SilkS) (width 0.12))
    (fp_line (start -0.602064 -0.91) (end 0.602064 -0.91) (layer F.SilkS) (width 0.12))
    (fp_line (start 1.6 0.8) (end -1.6 0.8) (layer F.Fab) (width 0.1))
    (fp_line (start 1.6 -0.8) (end 1.6 0.8) (layer F.Fab) (width 0.1))
    (fp_line (start -1.6 -0.8) (end 1.6 -0.8) (layer F.Fab) (width 0.1))
    (fp_line (start -1.6 0.8) (end -1.6 -0.8) (layer F.Fab) (width 0.1))
    (pad 2 smd roundrect (at 1.4875 0) (size 1.425 1.75) (layers F.Cu F.Paste F.Mask) (roundrect_rratio 0.175439)
      (net 4 GND))
    (pad 1 smd roundrect (at -1.4875 0) (size 1.425 1.75) (layers F.Cu F.Paste F.Mask) (roundrect_rratio 0.175439)
      (net 3 +5V))
    (model ${KISYS3DMOD}/Capacitor_SMD.3dshapes/C_1206_3216Metric.wrl
      (at (xyz 0 0 0))
      (scale (xyz 1 1 1))
      (rotate (xyz 0 0 0))
    )
  )

  (module Package_TO_SOT_SMD:SOT-343_SC-70-4_Handsoldering (layer F.Cu) (tedit 5A02FF57) (tstamp 5C94050D)
    (at 139.2555 94.66754 270)
    (descr "SOT-343, SC-70-4, Handsoldering")
    (tags "SOT-343 SC-70-4 Handsoldering")
    (path /5C837D00/5C87F40F)
    (attr smd)
    (fp_text reference bjt-20 (at 0 -2 270) (layer F.SilkS)
      (effects (font (size 1 1) (thickness 0.15)))
    )
    (fp_text value MCH4020-RF (at 0 2 90) (layer F.Fab)
      (effects (font (size 1 1) (thickness 0.15)))
    )
    (fp_text user %R (at 0 0) (layer F.Fab)
      (effects (font (size 0.5 0.5) (thickness 0.075)))
    )
    (fp_line (start 0.7 -1.16) (end -1.2 -1.16) (layer F.SilkS) (width 0.12))
    (fp_line (start -0.7 1.16) (end 0.7 1.16) (layer F.SilkS) (width 0.12))
    (fp_line (start 2.4 1.4) (end 2.4 -1.4) (layer F.CrtYd) (width 0.05))
    (fp_line (start -2.4 -1.4) (end -2.4 1.4) (layer F.CrtYd) (width 0.05))
    (fp_line (start -2.4 -1.4) (end 2.4 -1.4) (layer F.CrtYd) (width 0.05))
    (fp_line (start 0.675 -1.1) (end -0.175 -1.1) (layer F.Fab) (width 0.1))
    (fp_line (start -0.675 -0.6) (end -0.675 1.1) (layer F.Fab) (width 0.1))
    (fp_line (start -1.6 1.4) (end 1.6 1.4) (layer F.CrtYd) (width 0.05))
